1	2
2	12
3	6
4	9
5	9
6	3
7	3
8	2
9	2
10	9
11	2
12	12
13	2
14	4
15	5
16	14
17	3
18	1
19	10
20	23
21	20
22	24
23	2
24	6
25	5
26	6
27	6
28	15
29	18
30	2
31	14
32	9
33	19
34	4
35	20
36	4
37	3
38	26
39	20
40	28
41	11
42	6
43	7
44	5
45	9
46	12
47	6
48	2
49	2
50	7
51	2
52	5
53	25
54	31
55	34
56	4
57	6
58	18
59	14
60	2
61	13
62	4
63	30
64	3
65	11
66	2
67	9
68	11
69	4
70	27
71	9
72	22
73	2
74	13
75	24
76	3
77	11
78	18
79	2
80	26
81	7
82	20
83	2
84	2
85	15
86	7
87	14
88	27
89	24
90	4
91	4
92	21
93	11
94	4
95	2
96	18
97	6
98	1
99	4
100	3
101	3
102	24
103	10
104	7
105	6
106	10
107	12
108	25
109	3
110	10
111	2
112	2
113	30
114	3
115	3
116	7
117	33
118	2
119	26
120	18
121	8
122	2
123	16
124	3
125	10
126	6
127	12
128	20
129	3
130	21
131	4
132	10
133	3
134	2
135	16
136	24
137	6
138	7
139	7
140	15
141	3
142	21
143	5
144	7
145	5
146	12
147	4
148	3
149	1
150	2
151	14
152	13
153	8
154	24
155	11
156	2
157	11
158	3
159	6
160	5
161	27
162	7
163	10
164	2
165	16
166	16
167	3
168	3
169	22
170	16
171	18
172	6
173	9
174	12
175	5
176	4
177	12
178	5
179	2
180	27
181	3
182	1
183	19
184	2
185	3
186	4
187	25
188	20
189	6
190	7
191	3
192	12
193	16
194	1
195	12
196	28
197	10
198	8
199	11
200	10
201	6
202	11
203	26
204	9
205	6
206	27
207	1
208	10
209	5
210	5
211	19
212	5
213	7
214	2
215	2
216	11
217	6
218	14
219	6
220	7
221	20
222	20
223	3
224	17
225	4
226	16
227	20
228	29
229	12
230	3
231	8
232	5
233	1
234	7
235	2
236	3
237	3
238	19
239	31
240	4
241	30
242	10
243	2
244	1
245	33
246	7
247	4
248	28
249	3
250	16
251	20
252	3
253	5
254	7
255	11
256	2
257	13
258	20
259	19
260	3
261	2
262	3
263	3
264	4
265	8
266	7
267	13
268	31
269	34
270	5
271	15
272	3
273	7
274	3
275	2
276	30
277	3
278	18
279	13
280	27
281	5
282	10
283	31
284	8
285	11
286	2
287	2
288	32
289	16
290	6
291	3
292	8
293	7
294	15
295	24
296	2
297	25
298	33
299	1
300	2
301	2
302	2
303	29
304	15
305	10
306	10
307	19
308	9
309	18
310	3
311	11
312	5
313	31
314	33
315	17
316	17
317	19
318	7
319	33
320	4
321	5
322	18
323	8
324	30
325	3
326	2
327	8
328	11
329	20
330	2
331	2
332	10
333	32
334	34
335	10
336	27
337	6
338	2
339	24
340	1
341	2
342	5
343	4
344	3
345	10
346	2
347	1
348	27
349	28
350	13
351	2
352	19
353	10
354	9
355	4
356	5
357	8
358	15
359	16
360	24
361	20
362	3
363	11
364	17
365	10
366	4
367	3
368	9
369	3
370	24
371	19
372	17
373	11
374	3
375	4
376	20
377	15
378	14
379	2
380	8
381	9
382	6
383	11
384	3
385	1
386	5
387	8
388	3
389	10
390	6
391	7
392	21
393	2
394	7
395	2
396	5
397	2
398	2
399	25
400	10
401	2
402	16
403	17
404	6
405	34
406	8
407	2
408	34
409	3
410	2
411	9
412	5
413	9
414	21
415	7
416	17
417	4
418	23
419	33
420	22
421	31
422	12
423	8
424	3
425	9
426	7
427	3
428	12
429	3
430	11
431	2
432	6
433	7
434	11
435	6
436	12
437	3
438	19
439	8
440	3
441	5
442	13
443	3
444	4
445	22
446	8
447	25
448	8
449	19
450	12
451	26
452	19
453	17
454	16
455	6
456	17
457	11
458	2
459	1
460	4
461	4
462	7
463	2
464	10
465	1
466	8
467	2
468	3
469	16
470	6
471	12
472	25
473	34
474	8
475	11
476	1
477	8
478	4
479	3
480	11
481	15
482	8
483	5
484	21
485	6
486	2
487	25
488	3
489	2
490	10
491	6
492	14
493	3
494	4
495	16
496	21
497	6
498	8
499	3
500	15
501	20
502	28
503	33
504	6
505	14
506	1
507	24
508	4
509	11
510	18
511	19
512	1
513	20
514	12
515	25
516	8
517	16
518	3
519	1
520	31
521	3
522	26
523	5
524	20
525	4
526	13
527	9
528	10
529	12
530	2
531	2
532	11
533	3
534	2
535	16
536	12
537	13
538	2
539	3
540	10
541	4
542	5
543	13
544	12
545	5
546	33
547	23
548	5
549	2
550	15
551	6
552	16
553	9
554	2
555	8
556	14
557	29
558	33
559	14
560	1
561	1
562	3
563	19
564	26
565	26
566	18
567	3
568	34
569	18
570	9
571	5
572	10
573	2
574	16
575	9
576	21
577	8
578	5
579	12
580	23
581	10
582	15
583	2
584	16
585	20
586	21
587	7
588	1
589	19
590	4
591	2
592	14
593	8
594	3
595	4
596	26
597	10
598	13
599	1
600	22
601	10
602	12
603	20
604	14
605	13
606	1
607	5
608	17
609	2
610	2
611	22
612	30
613	12
614	29
615	33
616	2
617	19
618	3
619	14
620	25
621	27
622	25
623	12
624	2
625	32
626	33
627	7
628	34
629	24
630	18
631	6
632	16
633	22
634	5
635	5
636	1
637	6
638	25
639	7
640	9
641	3
642	5
643	2
644	15
645	5
646	12
647	12
648	5
649	6
650	2
651	8
652	9
653	6
654	3
655	5
656	7
657	27
658	4
659	14
660	2
661	5
662	25
663	3
664	19
665	10
666	5
667	6
668	12
669	28
670	20
671	5
672	5
673	7
674	5
675	2
676	4
677	31
678	9
679	3
680	7
681	3
682	7
683	27
684	19
685	4
686	8
687	17
688	8
689	10
690	6
691	14
692	3
693	4
694	16
695	4
696	16
697	30
698	31
699	3
700	5
701	4
702	4
703	6
704	1
705	30
706	1
707	8
708	1
709	4
710	14
711	25
712	34
713	26
714	8
715	13
716	3
717	2
718	2
719	8
720	8
721	17
722	2
723	3
724	7
725	1
726	2
727	4
728	15
729	11
730	16
731	4
732	8
733	4
734	2
735	23
736	8
737	2
738	10
739	3
740	1
741	24
742	9
743	1
744	8
745	19
746	31
747	22
748	7
749	2
750	8
751	16
752	4
753	4
754	13
755	4
756	6
757	5
758	22
759	29
760	13
761	6
762	3
763	12
764	5
765	30
766	14
767	2
768	10
769	1
770	20
771	27
772	20
773	17
774	1
775	2
776	2
777	2
778	3
779	31
780	29
781	6
782	4
783	8
784	7
785	2
786	8
787	1
788	7
789	10
790	6
791	1
792	8
793	4
794	20
795	2
796	4
797	13
798	15
799	22
800	1
801	21
802	27
803	34
804	3
805	9
806	2
807	8
808	7
809	3
810	18
811	8
812	7
813	9
814	3
815	8
816	28
817	1
818	19
819	26
820	21
821	17
822	7
823	18
824	2
825	9
826	2
827	3
828	14
829	18
830	13
831	25
832	17
833	8
834	16
835	14
836	2
837	10
838	6
839	34
840	12
841	4
842	4
843	24
844	19
845	29
846	9
847	2
848	2
849	9
850	17
851	5
852	32
853	3
854	2
855	14
856	9
857	3
858	7
859	2
860	25
861	2
862	2
863	7
864	12
865	3
866	11
867	16
868	4
869	17
870	5
871	15
872	26
873	3
874	34
875	4
876	6
877	2
878	26
879	31
880	14
881	4
882	7
883	3
884	4
885	6
886	25
887	6
888	9
889	12
890	4
891	4
892	2
893	9
894	4
895	21
896	2
897	15
898	19
899	1
900	23
901	20
902	15
903	1
904	9
905	1
906	28
907	6
908	6
909	11
910	11
911	9
912	2
913	3
914	26
915	14
916	23
917	4
918	6
919	5
920	16
921	24
922	29
923	31
924	24
925	19
926	1
927	6
928	30
929	3
930	4
931	15
932	3
933	1
934	1
935	4
936	6
937	23
938	18
939	30
940	26
941	6
942	10
943	5
944	3
945	5
946	2
947	7
948	8
949	28
950	5
951	2
952	24
953	15
954	10
955	11
956	5
957	6
958	11
959	6
960	8
961	5
962	16
963	2
964	4
965	2
966	27
967	5
968	8
969	3
970	13
971	32
972	29
973	3
974	4
975	3
976	8
977	2
978	16
979	1
980	29
981	2
982	9
983	14
984	3
985	4
986	10
987	22
988	22
989	2
990	9
991	4
992	31
993	21
994	4
995	2
996	12
997	6
998	22
999	9
1000	24
1001	5
1002	8
1003	23
1004	10
1005	5
1006	5
1007	7
1008	3
1009	30
1010	3
1011	6
1012	6
1013	8
1014	2
1015	4
1016	3
1017	2
1018	28
1019	2
1020	7
1021	18
1022	29
1023	5
1024	2
1025	23
1026	11
1027	12
1028	1
1029	2
1030	21
1031	31
1032	2
1033	20
1034	27
1035	8
1036	14
1037	4
1038	17
1039	1
1040	1
1041	8
1042	18
1043	17
1044	13
1045	5
1046	8
1047	9
1048	4
1049	6
1050	4
1051	7
1052	10
1053	9
1054	6
1055	16
1056	3
1057	3
1058	3
1059	25
1060	32
1061	3
1062	14
1063	4
1064	5
1065	9
1066	6
1067	23
1068	17
1069	4
1070	29
1071	1
1072	14
1073	16
1074	2
1075	2
1076	1
1077	9
1078	24
1079	13
1080	4
1081	2
1082	22
1083	27
1084	9
1085	14
1086	1
1087	20
1088	19
1089	1
1090	16
1091	1
1092	11
1093	4
1094	9
1095	14
1096	10
1097	2
1098	1
1099	3
1100	2
1101	30
1102	8
1103	13
1104	34
1105	20
1106	4
1107	9
1108	2
1109	23
1110	6
1111	8
1112	11
1113	10
1114	1
1115	15
1116	8
1117	4
1118	2
1119	9
1120	7
1121	15
1122	11
1123	21
1124	4
1125	2
1126	16
1127	30
1128	34
1129	10
1130	3
1131	20
1132	15
1133	2
1134	26
1135	31
1136	18
1137	19
1138	8
1139	4
1140	2
1141	2
1142	2
1143	26
1144	6
1145	4
1146	10
1147	9
1148	8
1149	3
1150	7
1151	20
1152	22
1153	7
1154	20
1155	11
1156	29
1157	6
1158	3
1159	2
1160	30
1161	8
1162	9
1163	9
1164	25
1165	1
1166	5
1167	20
1168	1
1169	3
1170	10
1171	1
1172	3
1173	6
1174	5
1175	14
1176	8
1177	10
1178	2
1179	7
1180	3
1181	16
1182	2
1183	18
1184	8
1185	3
1186	16
1187	10
1188	9
1189	4
1190	9
1191	3
1192	3
1193	3
1194	1
1195	7
1196	4
1197	6
1198	9
1199	4
1200	11
1201	14
1202	11
1203	24
1204	7
1205	15
1206	7
1207	7
1208	31
1209	15
1210	2
1211	33
1212	2
1213	2
1214	5
1215	5
1216	2
1217	18
1218	4
1219	3
1220	3
1221	24
1222	4
1223	6
1224	2
1225	7
1226	12
1227	5
1228	19
1229	26
1230	11
1231	1
1232	6
1233	2
1234	1
1235	6
1236	31
1237	17
1238	1
1239	3
1240	19
1241	2
1242	1
1243	27
1244	12
1245	4
1246	3
1247	2
1248	10
1249	10
1250	16
1251	6
1252	8
1253	32
1254	2
1255	13
1256	4
1257	4
1258	21
1259	3
1260	16
1261	4
1262	1
1263	25
1264	7
1265	34
1266	13
1267	27
1268	2
1269	23
1270	3
1271	3
1272	11
1273	3
1274	19
1275	25
1276	32
1277	20
1278	6
1279	23
1280	1
1281	8
1282	10
1283	6
1284	2
1285	29
1286	22
1287	27
1288	5
1289	11
1290	27
1291	1
1292	25
1293	25
1294	18
1295	7
1296	34
1297	3
1298	2
1299	4
1300	19
1301	27
1302	2
1303	12
1304	22
1305	6
1306	2
1307	8
1308	2
1309	27
1310	31
1311	14
1312	1
1313	7
1314	1
1315	2
1316	23
1317	2
1318	19
1319	8
1320	25
1321	2
1322	33
1323	4
1324	13
1325	1
1326	2
1327	34
1328	33
1329	2
1330	7
1331	16
1332	8
1333	23
1334	31
1335	33
1336	21
1337	2
1338	2
1339	8
1340	20
1341	2
1342	18
1343	15
1344	24
1345	16
1346	11
1347	22
1348	25
1349	21
1350	28
1351	24
1352	22
1353	8
1354	6
1355	7
1356	6
1357	10
1358	4
1359	4
1360	8
1361	5
1362	6
1363	7
1364	18
1365	8
1366	7
1367	18
1368	9
1369	9
1370	9
1371	14
1372	28
1373	9
1374	15
1375	21
1376	8
1377	34
1378	33
1379	9
1380	21
1381	6
1382	5
1383	9
1384	2
1385	3
1386	7
1387	3
1388	12
1389	16
1390	2
1391	2
1392	23
1393	4
1394	6
1395	2
1396	5
1397	14
1398	6
1399	25
1400	22
1401	28
1402	11
1403	7
1404	6
1405	30
1406	9
1407	18
1408	1
1409	4
1410	4
1411	14
1412	4
1413	11
1414	3
1415	25
1416	25
1417	1
1418	3
1419	4
1420	2
1421	22
1422	11
1423	10
1424	2
1425	4
1426	10
1427	17
1428	4
1429	11
1430	24
1431	3
1432	33
1433	8
1434	11
1435	19
1436	28
1437	6
1438	6
1439	19
1440	30
1441	10
1442	3
1443	12
1444	19
1445	21
1446	3
1447	7
1448	3
1449	2
1450	2
1451	8
1452	21
1453	4
1454	6
1455	9
1456	10
1457	26
1458	1
1459	22
1460	9
1461	4
1462	12
1463	25
1464	3
1465	15
1466	4
1467	2
1468	15
1469	7
1470	5
1471	9
1472	4
1473	16
1474	9
1475	8
1476	20
1477	2
1478	21
1479	8
1480	8
1481	13
1482	23
1483	31
1484	11
1485	5
1486	17
1487	4
1488	25
1489	2
1490	6
1491	1
1492	3
1493	7
1494	16
1495	9
1496	3
1497	4
1498	2
1499	7
1500	20
1501	23
1502	2
1503	5
1504	1
1505	16
1506	13
1507	16
1508	9
1509	4
1510	7
1511	10
1512	22
1513	13
1514	4
1515	8
1516	3
1517	3
1518	2
1519	23
1520	21
1521	8
1522	26
1523	3
1524	3
1525	2
1526	5
1527	2
1528	4
1529	1
1530	2
1531	8
1532	27
1533	34
1534	8
1535	1
1536	29
1537	24
1538	9
1539	7
1540	7
1541	19
1542	14
1543	3
1544	15
1545	16
1546	4
1547	13
1548	4
1549	32
1550	11
1551	5
1552	9
1553	4
1554	9
1555	16
1556	18
1557	1
1558	2
1559	5
1560	16
1561	2
1562	8
1563	27
1564	3
1565	24
1566	1
1567	1
1568	4
1569	3
1570	2
1571	2
1572	4
1573	32
1574	9
1575	10
1576	32
1577	11
1578	12
1579	17
1580	6
1581	6
1582	2
1583	20
1584	19
1585	18
1586	24
1587	19
1588	8
1589	3
1590	7
1591	2
1592	6
1593	1
1594	3
1595	8
1596	2
1597	8
1598	1
1599	4
1600	2
1601	12
1602	13
1603	1
1604	4
1605	31
1606	9
1607	10
1608	3
1609	19
1610	6
1611	17
1612	12
1613	1
1614	19
1615	5
1616	3
1617	29
1618	2
1619	16
1620	17
1621	20
1622	1
1623	12
1624	1
1625	7
1626	14
1627	4
1628	5
1629	10
1630	26
1631	12
1632	12
1633	19
1634	6
1635	2
1636	3
1637	2
1638	2
1639	3
1640	4
1641	6
1642	13
1643	15
1644	2
1645	4
1646	9
1647	18
1648	6
1649	18
1650	6
1651	23
1652	11
1653	10
1654	5
1655	11
1656	19
1657	2
1658	2
1659	17
1660	31
1661	20
1662	4
1663	33
1664	2
1665	10
1666	3
1667	6
1668	3
1669	7
1670	20
1671	19
1672	6
1673	10
1674	13
1675	7
1676	6
1677	4
1678	2
1679	24
1680	2
1681	26
1682	1
1683	26
1684	18
1685	8
1686	5
1687	2
1688	24
1689	18
1690	10
1691	13
1692	26
1693	6
1694	3
1695	5
1696	27
1697	2
1698	4
1699	3
1700	5
1701	4
1702	4
1703	26
1704	34
1705	4
1706	12
1707	28
1708	32
1709	2
1710	9
1711	7
1712	2
1713	9
1714	18
1715	24
1716	16
1717	16
1718	12
1719	27
1720	2
1721	7
1722	5
1723	4
1724	2
1725	2
1726	15
1727	2
1728	7
1729	4
1730	2
1731	9
1732	5
1733	20
1734	3
1735	16
1736	29
1737	18
1738	3
1739	16
1740	1
1741	1
1742	6
1743	13
1744	26
1745	7
1746	13
1747	15
1748	11
1749	4
1750	3
1751	4
1752	6
1753	15
1754	4
1755	7
1756	19
1757	8
1758	6
1759	7
1760	24
1761	6
1762	8
1763	2
1764	2
1765	16
1766	26
1767	15
1768	7
1769	18
1770	1
1771	9
1772	11
1773	2
1774	4
1775	7
1776	11
1777	6
1778	22
1779	1
1780	4
1781	2
1782	17
1783	9
1784	9
1785	3
1786	3
1787	10
1788	19
1789	17
1790	3
1791	27
1792	9
1793	13
1794	21
1795	15
1796	2
1797	3
1798	15
1799	4
1800	3
1801	26
1802	23
1803	4
1804	2
1805	9
1806	7
1807	10
1808	2
1809	12
1810	1
1811	7
1812	6
1813	5
1814	6
1815	3
1816	2
1817	26
1818	3
1819	32
1820	4
1821	17
1822	2
1823	9
1824	6
1825	5
1826	4
1827	13
1828	2
1829	3
1830	3
1831	5
1832	1
1833	8
1834	2
1835	2
1836	15
1837	27
1838	10
1839	29
1840	21
1841	2
1842	24
1843	3
1844	32
1845	15
1846	9
1847	7
1848	23
1849	30
1850	10
1851	5
1852	15
1853	8
1854	10
1855	2
1856	8
1857	5
1858	13
1859	16
1860	2
1861	6
1862	12
1863	26
1864	3
1865	17
1866	2
1867	21
1868	31
1869	6
1870	13
1871	6
1872	4
1873	26
1874	25
1875	3
1876	8
1877	4
1878	28
1879	5
1880	15
1881	7
1882	1
1883	16
1884	3
1885	14
1886	10
1887	4
1888	30
1889	3
1890	16
1891	2
1892	2
1893	13
1894	6
1895	9
1896	7
1897	25
1898	30
1899	3
1900	3
1901	24
1902	2
1903	5
1904	10
1905	6
1906	11
1907	15
1908	5
1909	19
1910	9
1911	25
1912	18
1913	25
1914	23
1915	4
1916	10
1917	31
1918	4
1919	13
1920	25
1921	6
1922	7
1923	10
1924	3
1925	4
1926	11
1927	10
1928	4
1929	30
1930	23
1931	19
1932	18
1933	5
1934	1
1935	17
1936	6
1937	9
1938	2
1939	3
1940	23
1941	15
1942	10
1943	20
1944	31
1945	5
1946	5
1947	5
1948	28
1949	19
1950	27
1951	1
1952	34
1953	4
1954	8
1955	6
1956	15
1957	30
1958	4
1959	5
1960	34
1961	19
1962	14
1963	5
1964	3
1965	3
1966	19
1967	7
1968	8
1969	13
1970	22
1971	2
1972	2
1973	2
1974	19
1975	5
1976	10
1977	4
1978	3
1979	13
1980	6
1981	3
1982	9
1983	2
1984	5
1985	7
1986	1
1987	27
1988	17
1989	1
1990	2
1991	11
1992	4
1993	1
1994	17
1995	17
1996	15
1997	2
1998	9
1999	2
2000	2
2001	4
2002	7
2003	3
2004	3
2005	7
2006	3
2007	10
2008	7
2009	15
2010	9
2011	25
2012	2
2013	4
2014	2
2015	1
2016	2
2017	8
2018	12
2019	2
2020	17
2021	7
2022	10
2023	26
2024	4
2025	33
2026	1
2027	24
2028	8
2029	32
2030	22
2031	4
2032	2
2033	31
2034	21
2035	10
2036	17
2037	25
2038	5
2039	3
2040	20
2041	7
2042	2
2043	32
2044	9
2045	15
2046	8
2047	17
2048	15
2049	11
2050	4
2051	20
2052	5
2053	22
2054	3
2055	11
2056	2
2057	4
2058	1
2059	15
2060	4
2061	8
2062	2
2063	16
2064	2
2065	3
2066	33
2067	27
2068	23
2069	3
2070	2
2071	8
2072	10
2073	2
2074	20
2075	15
2076	3
2077	3
2078	20
2079	1
2080	10
2081	1
2082	1
2083	6
2084	34
2085	1
2086	4
2087	23
2088	3
2089	3
2090	11
2091	3
2092	10
2093	5
2094	5
2095	8
2096	2
2097	2
2098	15
2099	11
2100	5
2101	7
2102	13
2103	8
2104	17
2105	22
2106	26
2107	5
2108	6
2109	7
2110	2
2111	10
2112	1
2113	7
2114	3
2115	29
2116	16
2117	1
2118	1
2119	17
2120	5
2121	6
2122	5
2123	17
2124	12
2125	7
2126	26
2127	2
2128	19
2129	3
2130	21
2131	6
2132	23
2133	32
2134	17
2135	2
2136	4
2137	3
2138	1
2139	2
2140	4
2141	3
2142	16
2143	6
2144	2
2145	26
2146	12
2147	3
2148	20
2149	9
2150	2
2151	13
2152	2
2153	5
2154	3
2155	4
2156	4
2157	30
2158	15
2159	9
2160	22
2161	11
2162	6
2163	32
2164	8
2165	1
2166	7
2167	32
2168	29
2169	20
2170	2
2171	4
2172	8
2173	31
2174	6
2175	4
2176	13
2177	3
2178	2
2179	4
2180	4
2181	1
2182	11
2183	1
2184	18
2185	3
2186	5
2187	5
2188	5
2189	2
2190	10
2191	11
2192	10
2193	2
2194	4
2195	9
2196	9
2197	6
2198	15
2199	19
2200	12
2201	18
2202	2
2203	8
2204	15
2205	7
2206	9
2207	19
2208	19
2209	11
2210	21
2211	4
2212	23
2213	4
2214	2
2215	3
2216	22
2217	13
2218	10
2219	3
2220	17
2221	1
2222	6
2223	34
2224	12
2225	5
2226	27
2227	3
2228	17
2229	28
2230	14
2231	5
2232	22
2233	9
2234	17
2235	15
2236	17
2237	3
2238	2
2239	3
2240	3
2241	4
2242	18
2243	4
2244	18
2245	7
2246	20
2247	18
2248	2
2249	4
2250	13
2251	1
2252	18
2253	8
2254	2
2255	4
2256	4
2257	3
2258	8
2259	2
2260	34
2261	31
2262	3
2263	1
2264	2
2265	9
2266	6
2267	18
2268	30
2269	6
2270	14
2271	21
2272	4
2273	19
2274	32
2275	7
2276	27
2277	10
2278	5
2279	6
2280	12
2281	9
2282	2
2283	6
2284	1
2285	1
2286	21
2287	13
2288	26
2289	2
2290	25
2291	6
2292	13
2293	13
2294	31
2295	6
2296	5
2297	22
2298	7
2299	2
2300	9
2301	32
2302	22
2303	11
2304	9
2305	3
2306	4
2307	9
2308	1
2309	8
2310	30
2311	4
2312	10
2313	18
2314	5
2315	7
2316	15
2317	1
2318	2
2319	5
2320	14
2321	5
2322	4
2323	3
2324	25
2325	9
2326	32
2327	25
2328	30
2329	6
2330	34
2331	16
2332	2
2333	2
2334	13
2335	6
2336	2
2337	5
2338	10
2339	21
2340	1
2341	34
2342	3
2343	6
2344	20
2345	7
2346	5
2347	2
2348	24
2349	21
2350	28
2351	31
2352	19
2353	3
2354	8
2355	21
2356	3
2357	5
2358	12
2359	3
2360	10
2361	2
2362	17
2363	18
2364	11
2365	12
2366	10
2367	5
2368	3
2369	3
2370	23
2371	15
2372	3
2373	3
2374	24
2375	7
2376	10
2377	16
2378	4
2379	3
2380	2
2381	12
2382	2
2383	3
2384	4
2385	21
2386	19
2387	3
2388	3
2389	3
2390	10
2391	4
2392	1
2393	3
2394	22
2395	5
2396	23
2397	22
2398	8
2399	2
2400	11
2401	7
2402	14
2403	18
2404	5
2405	13
2406	2
2407	15
2408	5
2409	13
2410	1
2411	1
2412	10
2413	22
2414	23
2415	7
2416	2
2417	30
2418	9
2419	7
2420	6
2421	8
2422	19
2423	23
2424	12
2425	1
2426	27
2427	6
2428	6
2429	6
2430	7
2431	9
2432	2
2433	30
2434	2
2435	17
2436	12
2437	13
2438	10
2439	14
2440	11
2441	5
2442	7
2443	6
2444	34
2445	8
2446	2
2447	3
2448	21
2449	3
2450	3
2451	11
2452	28
2453	4
2454	11
2455	8
2456	9
2457	10
2458	11
2459	31
2460	3
2461	1
2462	17
2463	11
2464	19
2465	6
2466	8
2467	2
2468	21
2469	2
2470	4
2471	31
2472	24
2473	19
2474	2
2475	7
2476	8
2477	22
2478	3
2479	21
2480	14
2481	7
2482	2
2483	2
2484	15
2485	9
2486	6
2487	7
2488	27
2489	1
2490	27
2491	5
2492	4
2493	11
2494	6
2495	16
2496	17
2497	32
2498	7
2499	22
2500	27
2501	24
2502	11
2503	10
2504	7
2505	13
2506	10
2507	26
2508	4
2509	7
2510	11
2511	5
2512	1
2513	3
2514	3
2515	31
2516	3
2517	6
2518	8
2519	11
2520	14
2521	1
2522	1
2523	23
2524	2
2525	20
2526	14
2527	2
2528	21
2529	5
2530	11
2531	2
2532	2
2533	16
2534	5
2535	34
2536	21
2537	5
2538	23
2539	25
2540	7
2541	14
2542	7
2543	14
2544	34
2545	5
2546	21
2547	4
2548	14
2549	4
2550	2
2551	11
2552	26
2553	3
2554	32
2555	14
2556	4
2557	6
2558	13
2559	5
2560	10
2561	11
2562	18
2563	4
2564	10
2565	34
2566	14
2567	32
2568	9
2569	30
2570	4
2571	23
2572	21
2573	20
2574	28
2575	10
2576	9
2577	18
2578	26
2579	12
2580	2
2581	6
2582	2
2583	23
2584	16
2585	3
2586	11
2587	27
2588	16
2589	4
2590	6
2591	5
2592	9
2593	8
2594	11
2595	12
2596	7
2597	23
2598	12
2599	6
2600	23
2601	27
2602	10
2603	11
2604	27
2605	17
2606	25
2607	17
2608	2
2609	27
2610	2
2611	2
2612	3
2613	4
2614	11
2615	8
2616	12
2617	28
2618	21
2619	3
2620	10
2621	11
2622	5
2623	33
2624	11
2625	8
2626	3
2627	9
2628	22
2629	2
2630	14
2631	13
2632	2
2633	3
2634	28
2635	5
2636	10
2637	9
2638	8
2639	2
2640	8
2641	6
2642	13
2643	18
2644	13
2645	9
2646	3
2647	5
2648	2
2649	6
2650	10
2651	3
2652	14
2653	7
2654	5
2655	4
2656	4
2657	10
2658	21
2659	28
2660	5
2661	11
2662	1
2663	4
2664	12
2665	2
2666	9
2667	12
2668	16
2669	8
2670	15
2671	9
2672	5
2673	5
2674	2
2675	17
2676	9
2677	7
2678	3
2679	5
2680	4
2681	3
2682	1
2683	8
2684	1
2685	31
2686	14
2687	21
2688	3
2689	34
2690	6
2691	3
2692	33
2693	32
2694	12
2695	6
2696	25
2697	1
2698	14
2699	6
2700	10
2701	14
2702	14
2703	1
2704	16
2705	4
2706	5
2707	20
2708	7
2709	3
2710	10
2711	11
2712	3
2713	15
2714	7
2715	16
2716	10
2717	4
2718	11
2719	11
2720	11
2721	2
2722	12
2723	26
2724	10
2725	9
2726	29
2727	28
2728	13
2729	16
2730	2
2731	2
2732	17
2733	8
2734	34
2735	4
2736	30
2737	2
2738	2
2739	2
2740	6
2741	9
2742	1
2743	4
2744	10
2745	3
2746	2
2747	23
2748	3
2749	6
2750	6
2751	2
2752	26
2753	32
2754	7
2755	21
2756	34
2757	4
2758	9
2759	14
2760	4
2761	9
2762	4
2763	24
2764	3
2765	28
2766	8
2767	17
2768	4
2769	11
2770	29
2771	4
2772	5
2773	26
2774	22
2775	22
2776	4
2777	10
2778	10
2779	10
2780	29
2781	5
2782	20
2783	3
2784	3
2785	10
2786	22
2787	3
2788	16
2789	8
2790	4
2791	5
2792	1
2793	11
2794	9
2795	5
2796	31
2797	5
2798	9
2799	6
2800	12
2801	21
2802	2
2803	17
2804	6
2805	17
2806	4
2807	14
2808	4
2809	17
2810	3
2811	9
2812	30
2813	4
2814	10
2815	14
2816	2
2817	27
2818	18
2819	1
2820	24
2821	11
2822	5
2823	20
2824	16
2825	11
2826	14
2827	7
2828	15
2829	26
2830	16
2831	6
2832	1
2833	8
2834	3
2835	29
2836	15
2837	5
2838	11
2839	7
2840	2
2841	13
2842	9
2843	1
2844	1
2845	2
2846	19
2847	6
2848	19
2849	26
2850	7
2851	1
2852	3
2853	19
2854	29
2855	3
2856	32
2857	3
2858	18
2859	3
2860	2
2861	4
2862	15
2863	10
2864	3
2865	15
2866	16
2867	10
2868	26
2869	29
2870	5
2871	9
2872	20
2873	14
2874	4
2875	16
2876	3
2877	21
2878	3
2879	9
2880	26
2881	23
2882	27
2883	8
2884	11
2885	24
2886	13
2887	8
2888	3
2889	10
2890	21
2891	6
2892	23
2893	12
2894	12
2895	25
2896	30
2897	7
2898	31
2899	4
2900	6
2901	1
2902	14
2903	2
2904	33
2905	7
2906	11
2907	19
2908	4
2909	17
2910	3
2911	26
2912	10
2913	20
2914	3
2915	5
2916	3
2917	7
2918	8
2919	25
2920	6
2921	12
2922	19
2923	27
2924	13
2925	20
2926	2
2927	28
2928	6
2929	8
2930	13
2931	2
2932	1
2933	6
2934	1
2935	3
2936	10
2937	4
2938	18
2939	5
2940	18
2941	10
2942	10
2943	26
2944	31
2945	13
2946	4
2947	9
2948	23
2949	12
2950	7
2951	26
2952	9
2953	19
2954	2
2955	29
2956	6
2957	28
2958	16
2959	4
2960	5
2961	8
2962	11
2963	7
2964	1
2965	7
2966	7
2967	20
2968	6
2969	7
2970	34
2971	7
2972	4
2973	9
2974	3
2975	16
2976	4
2977	14
2978	2
2979	25
2980	9
2981	10
2982	1
2983	4
2984	4
2985	2
2986	2
2987	17
2988	16
2989	2
2990	9
2991	3
2992	12
2993	12
2994	13
2995	2
2996	27
2997	3
2998	14
2999	11
3000	1
3001	2
3002	1
3003	10
3004	14
3005	5
3006	4
3007	13
3008	34
3009	3
3010	3
3011	2
3012	10
3013	4
3014	5
3015	17
3016	3
3017	12
3018	8
3019	33
3020	16
3021	23
3022	3
3023	9
3024	31
3025	10
3026	3
3027	3
3028	5
3029	20
3030	9
3031	1
3032	2
3033	3
3034	2
3035	19
3036	8
3037	14
3038	3
3039	10
3040	3
3041	28
3042	3
3043	2
3044	4
3045	17
3046	24
3047	5
3048	22
3049	2
3050	31
3051	5
3052	5
3053	8
3054	10
3055	3
3056	9
3057	15
3058	18
3059	5
3060	13
3061	6
3062	8
3063	5
3064	7
3065	28
3066	19
3067	23
3068	6
3069	21
3070	14
3071	11
3072	32
3073	18
3074	32
3075	3
3076	3
3077	10
3078	15
3079	23
3080	6
3081	27
3082	7
3083	13
3084	28
3085	6
3086	14
3087	25
3088	13
3089	18
3090	20
3091	10
3092	27
3093	29
3094	5
3095	19
3096	28
3097	14
3098	10
3099	10
3100	14
3101	2
3102	22
3103	30
3104	6
3105	6
3106	17
3107	3
3108	2
3109	4
3110	2
3111	9
3112	1
3113	23
3114	7
3115	9
3116	10
3117	6
3118	10
3119	30
3120	14
3121	24
3122	1
3123	1
3124	5
3125	5
3126	27
3127	14
3128	27
3129	2
3130	8
3131	2
3132	16
3133	33
3134	7
3135	19
3136	2
3137	19
3138	2
3139	20
3140	18
3141	22
3142	10
3143	6
3144	4
3145	6
3146	6
3147	18
3148	20
3149	5
3150	5
3151	5
3152	29
3153	13
3154	15
3155	1
3156	20
3157	3
3158	5
3159	19
3160	7
3161	4
3162	6
3163	13
3164	2
3165	3
3166	9
3167	8
3168	2
3169	33
3170	9
3171	1
3172	17
3173	26
3174	14
3175	28
3176	2
3177	14
3178	2
3179	4
3180	13
3181	28
3182	4
3183	25
3184	8
3185	2
3186	3
3187	7
3188	3
3189	5
3190	2
3191	34
3192	17
3193	2
3194	11
3195	8
3196	3
3197	10
3198	7
3199	3
3200	1
3201	3
3202	4
3203	6
3204	18
3205	10
3206	22
3207	9
3208	2
3209	4
3210	2
3211	15
3212	9
3213	1
3214	13
3215	19
3216	7
3217	2
3218	10
3219	20
3220	6
3221	2
3222	1
3223	7
3224	2
3225	2
3226	26
3227	16
3228	27
3229	18
3230	1
3231	10
3232	6
3233	4
3234	23
3235	5
3236	25
3237	4
3238	7
3239	12
3240	6
3241	2
3242	2
3243	7
3244	6
3245	21
3246	5
3247	13
3248	1
3249	5
3250	3
3251	19
3252	31
3253	9
3254	25
3255	9
3256	13
3257	1
3258	6
3259	9
3260	3
3261	1
3262	27
3263	2
3264	8
3265	5
3266	13
3267	6
3268	21
3269	8
3270	6
3271	5
3272	7
3273	10
3274	7
3275	1
3276	10
3277	2
3278	26
3279	3
3280	1
3281	20
3282	2
3283	11
3284	2
3285	31
3286	15
3287	4
3288	9
3289	18
3290	1
3291	25
3292	33
3293	3
3294	19
3295	9
3296	2
3297	18
3298	3
3299	6
3300	2
3301	10
3302	6
3303	9
3304	1
3305	6
3306	3
3307	26
3308	2
3309	1
3310	4
3311	11
3312	13
3313	10
3314	8
3315	12
3316	11
3317	13
3318	5
3319	13
3320	8
3321	4
3322	11
3323	21
3324	4
3325	10
3326	6
3327	6
3328	22
3329	13
3330	1
3331	5
3332	2
3333	20
3334	17
3335	6
3336	10
3337	9
3338	5
3339	7
3340	13
3341	1
3342	14
3343	3
3344	21
3345	22
3346	16
3347	33
3348	4
3349	6
3350	9
3351	33
3352	4
3353	3
3354	5
3355	8
3356	11
3357	14
3358	4
3359	8
3360	6
3361	2
3362	26
3363	2
3364	16
3365	7
3366	8
3367	6
3368	21
3369	30
3370	6
3371	26
3372	25
3373	33
3374	10
3375	4
3376	6
3377	2
3378	11
3379	9
3380	20
3381	6
3382	9
3383	31
3384	23
3385	14
3386	2
3387	29
3388	8
3389	10
3390	3
3391	1
3392	16
3393	4
3394	10
3395	23
3396	12
3397	8
3398	18
3399	2
3400	14
3401	10
3402	23
3403	2
3404	1
3405	15
3406	10
3407	10
3408	9
3409	2
3410	23
3411	19
3412	6
3413	1
3414	19
3415	26
3416	6
3417	2
3418	4
3419	19
3420	25
3421	3
3422	16
3423	1
3424	10
3425	7
3426	23
3427	4
3428	13
3429	8
3430	19
3431	1
3432	6
3433	19
3434	5
3435	2
3436	2
3437	3
3438	26
3439	7
3440	10
3441	7
3442	4
3443	6
3444	12
3445	3
3446	13
3447	7
3448	19
3449	20
3450	4
3451	19
3452	1
3453	3
3454	29
3455	5
3456	10
3457	15
3458	12
3459	8
3460	12
3461	4
3462	5
3463	15
3464	12
3465	14
3466	8
3467	26
3468	12
3469	33
3470	4
3471	11
3472	11
3473	1
3474	4
3475	8
3476	3
3477	1
3478	8
3479	15
3480	24
3481	14
3482	3
3483	25
3484	9
3485	15
3486	16
3487	13
3488	33
3489	2
3490	6
3491	14
3492	2
3493	15
3494	32
3495	3
3496	6
3497	3
3498	13
3499	28
3500	7
3501	6
3502	11
3503	22
3504	26
3505	14
3506	29
3507	5
3508	9
3509	34
3510	26
3511	10
3512	23
3513	12
3514	31
3515	3
3516	3
3517	8
3518	6
3519	10
3520	6
3521	10
3522	28
3523	2
3524	2
3525	2
3526	14
3527	4
3528	4
3529	3
3530	3
3531	2
3532	2
3533	2
3534	14
3535	7
3536	5
3537	32
3538	10
3539	9
3540	2
3541	13
3542	8
3543	30
3544	5
3545	17
3546	22
3547	31
3548	7
3549	10
3550	2
3551	2
3552	4
3553	7
3554	32
3555	6
3556	11
3557	5
3558	1
3559	2
3560	3
3561	10
3562	22
3563	1
3564	2
3565	6
3566	2
3567	2
3568	10
3569	13
3570	4
3571	3
3572	11
3573	7
3574	4
3575	25
3576	5
3577	9
3578	19
3579	3
3580	2
3581	6
3582	27
3583	6
3584	23
3585	2
3586	20
3587	1
3588	10
3589	18
3590	13
3591	3
3592	10
3593	13
3594	9
3595	10
3596	20
3597	5
3598	6
3599	32
3600	1
3601	14
3602	18
3603	7
3604	8
3605	18
3606	1
3607	4
3608	3
3609	9
3610	23
3611	25
3612	3
3613	8
3614	15
3615	25
3616	3
3617	17
3618	28
3619	20
3620	2
3621	25
3622	16
3623	13
3624	25
3625	16
3626	15
3627	7
3628	8
3629	6
3630	1
3631	13
3632	3
3633	3
3634	11
3635	29
3636	12
3637	2
3638	27
3639	21
3640	3
3641	5
3642	7
3643	1
3644	9
3645	3
3646	2
3647	9
3648	19
3649	28
3650	2
3651	18
3652	22
3653	6
3654	6
3655	16
3656	3
3657	1
3658	3
3659	4
3660	2
3661	6
3662	6
3663	11
3664	33
3665	8
3666	9
3667	29
3668	5
3669	3
3670	14
3671	3
3672	33
3673	20
3674	1
3675	7
3676	4
3677	14
3678	12
3679	12
3680	25
3681	2
3682	3
3683	21
3684	32
3685	2
3686	3
3687	11
3688	21
3689	12
3690	12
3691	9
3692	15
3693	6
3694	19
3695	7
3696	4
3697	11
3698	2
3699	3
3700	9
3701	8
3702	11
3703	5
3704	1
3705	7
3706	16
3707	2
3708	5
3709	10
3710	6
3711	6
3712	15
3713	8
3714	12
3715	2
3716	5
3717	29
3718	8
3719	8
3720	11
3721	9
3722	7
3723	19
3724	1
3725	9
3726	2
3727	8
3728	33
3729	4
3730	2
3731	10
3732	15
3733	22
3734	17
3735	7
3736	26
3737	3
3738	6
3739	10
3740	10
3741	11
3742	11
3743	3
3744	14
3745	6
3746	10
3747	12
3748	2
3749	5
3750	2
3751	25
3752	2
3753	24
3754	4
3755	23
3756	21
3757	23
3758	19
3759	5
3760	22
3761	29
3762	5
3763	9
3764	9
3765	5
3766	7
3767	13
3768	1
3769	9
3770	13
3771	16
3772	3
3773	10
3774	3
3775	5
3776	13
3777	4
3778	3
3779	8
3780	2
3781	17
3782	24
3783	6
3784	3
3785	23
3786	6
3787	6
3788	8
3789	14
3790	17
3791	2
3792	21
3793	26
3794	3
3795	24
3796	9
3797	7
3798	5
3799	5
3800	18
3801	9
3802	9
3803	9
3804	11
3805	5
3806	27
3807	13
3808	11
3809	4
3810	1
3811	2
3812	1
3813	26
3814	3
3815	4
3816	21
3817	8
3818	24
3819	3
3820	1
3821	7
3822	3
3823	21
3824	3
3825	4
3826	2
3827	3
3828	28
3829	19
3830	34
3831	2
3832	2
3833	10
3834	2
3835	8
3836	6
3837	18
3838	11
3839	27
3840	22
3841	5
3842	6
3843	5
3844	19
3845	1
3846	1
3847	10
3848	24
3849	27
3850	7
3851	27
3852	20
3853	3
3854	22
3855	3
3856	29
3857	2
3858	8
3859	2
3860	1
3861	11
3862	2
3863	8
3864	2
3865	19
3866	3
3867	6
3868	4
3869	12
3870	16
3871	13
3872	26
3873	3
3874	5
3875	6
3876	13
3877	15
3878	9
3879	1
3880	5
3881	12
3882	9
3883	7
3884	10
3885	30
3886	1
3887	11
3888	2
3889	9
3890	13
3891	23
3892	2
3893	6
3894	4
3895	11
3896	13
3897	1
3898	24
3899	5
3900	25
3901	34
3902	2
3903	7
3904	26
3905	30
3906	6
3907	24
3908	2
3909	32
3910	2
3911	13
3912	6
3913	7
3914	6
3915	7
3916	3
3917	32
3918	3
3919	11
3920	7
3921	3
3922	2
3923	25
3924	10
3925	6
3926	21
3927	25
3928	9
3929	3
3930	11
3931	3
3932	11
3933	32
3934	1
3935	12
3936	6
3937	10
3938	3
3939	3
3940	17
3941	6
3942	3
3943	2
3944	4
3945	4
3946	9
3947	4
3948	19
3949	8
3950	23
3951	11
3952	2
3953	3
3954	27
3955	16
3956	4
3957	14
3958	18
3959	4
3960	6
3961	6
3962	2
3963	14
3964	19
3965	10
3966	9
3967	5
3968	6
3969	3
3970	7
3971	15
3972	2
3973	14
3974	14
3975	5
3976	17
3977	5
3978	10
3979	33
3980	19
3981	7
3982	19
3983	6
3984	28
3985	16
3986	29
3987	9
3988	4
3989	3
3990	1
3991	19
3992	5
3993	3
3994	13
3995	4
3996	16
3997	7
3998	3
3999	16
4000	5
4001	18
4002	15
4003	4
4004	4
4005	2
4006	24
4007	29
4008	3
4009	18
4010	19
4011	1
4012	13
4013	16
4014	6
4015	10
4016	32
4017	2
4018	18
4019	9
4020	3
4021	13
4022	8
4023	15
4024	13
4025	4
4026	2
4027	8
4028	33
4029	12
4030	8
4031	15
4032	20
4033	3
4034	25
4035	21
4036	1
4037	11
4038	8
4039	3
4040	9
4041	12
4042	4
4043	34
4044	3
4045	6
4046	12
4047	5
4048	16
4049	2
4050	5
4051	15
4052	3
4053	2
4054	10
4055	12
4056	11
4057	3
4058	13
4059	5
4060	6
4061	1
4062	4
4063	4
4064	13
4065	20
4066	26
4067	6
4068	23
4069	2
4070	11
4071	27
4072	13
4073	6
4074	14
4075	4
4076	15
4077	16
4078	27
4079	28
4080	13
4081	3
4082	4
4083	5
4084	4
4085	3
4086	20
4087	3
4088	3
4089	9
4090	5
4091	14
4092	6
4093	8
4094	10
4095	2
4096	2
4097	4
4098	31
4099	14
4100	4
4101	9
4102	16
4103	22
4104	19
4105	24
4106	24
4107	2
4108	3
4109	10
4110	23
4111	7
4112	7
4113	33
4114	20
4115	2
4116	9
4117	11
4118	22
4119	12
4120	21
4121	6
4122	16
4123	9
4124	12
4125	6
4126	34
4127	1
4128	9
4129	7
4130	29
4131	10
4132	8
4133	6
4134	6
4135	20
4136	14
4137	5
4138	7
4139	2
4140	22
4141	2
4142	20
4143	7
4144	32
4145	4
4146	3
4147	9
4148	34
4149	11
4150	4
4151	10
4152	6
4153	20
4154	18
4155	29
4156	9
4157	5
4158	9
4159	5
4160	13
4161	15
4162	3
4163	4
4164	10
4165	14
4166	10
4167	25
4168	12
4169	14
4170	17
4171	32
4172	3
4173	2
4174	6
4175	10
4176	26
4177	20
4178	7
4179	28
4180	10
4181	3
4182	21
4183	34
4184	2
4185	18
4186	12
4187	1
4188	2
4189	28
4190	6
4191	13
4192	17
4193	22
4194	2
4195	14
4196	18
4197	20
4198	22
4199	24
4200	10
4201	4
4202	13
4203	5
4204	7
4205	15
4206	22
4207	29
4208	16
4209	12
4210	11
4211	1
4212	17
4213	16
4214	13
4215	5
4216	5
4217	4
4218	17
4219	2
4220	8
4221	7
4222	1
4223	14
4224	8
4225	7
4226	18
4227	30
4228	3
4229	2
4230	13
4231	33
4232	12
4233	5
4234	1
4235	25
4236	27
4237	3
4238	5
4239	3
4240	15
4241	9
4242	2
4243	6
4244	15
4245	3
4246	2
4247	6
4248	11
4249	3
4250	3
4251	10
4252	5
4253	4
4254	11
4255	25
4256	1
4257	4
4258	30
4259	17
4260	4
4261	6
4262	13
4263	25
4264	9
4265	27
4266	8
4267	12
4268	5
4269	25
4270	10
4271	2
4272	8
4273	3
4274	3
4275	5
4276	5
4277	2
4278	18
4279	23
4280	8
4281	33
4282	7
4283	10
4284	9
4285	6
4286	3
4287	4
4288	25
4289	30
4290	25
4291	2
4292	7
4293	30
4294	26
4295	33
4296	4
4297	6
4298	9
4299	1
4300	2
4301	11
4302	1
4303	26
4304	27
4305	34
4306	4
4307	15
4308	23
4309	5
4310	5
4311	3
4312	9
4313	13
4314	14
4315	6
4316	7
4317	20
4318	17
4319	1
4320	14
4321	6
4322	9
4323	4
4324	17
4325	17
4326	10
4327	9
4328	14
4329	10
4330	3
4331	5
4332	2
4333	8
4334	1
4335	2
4336	7
4337	7
4338	21
4339	9
4340	31
4341	26
4342	33
4343	12
4344	31
4345	4
4346	4
4347	21
4348	2
4349	7
4350	9
4351	15
4352	5
4353	4
4354	2
4355	2
4356	7
4357	3
4358	16
4359	1
4360	7
4361	5
4362	29
4363	6
4364	26
4365	2
4366	29
4367	13
4368	6
4369	5
4370	3
4371	18
4372	21
4373	2
4374	19
4375	7
4376	29
4377	7
4378	30
4379	29
4380	9
4381	7
4382	2
4383	3
4384	4
4385	9
4386	33
4387	17
4388	13
4389	10
4390	4
4391	12
4392	4
4393	6
4394	5
4395	29
4396	3
4397	9
4398	15
4399	10
4400	19
4401	9
4402	12
4403	24
4404	27
4405	6
4406	4
4407	8
4408	10
4409	1
4410	6
4411	4
4412	11
4413	7
4414	3
4415	10
4416	4
4417	3
4418	34
4419	16
4420	13
4421	9
4422	10
4423	26
4424	7
4425	18
4426	24
4427	6
4428	22
4429	20
4430	10
4431	11
4432	2
4433	4
4434	3
4435	18
4436	8
4437	2
4438	33
4439	20
4440	10
4441	4
4442	9
4443	18
4444	4
4445	17
4446	18
4447	6
4448	1
4449	18
4450	1
4451	1
4452	18
4453	12
4454	2
4455	33
4456	6
4457	15
4458	1
4459	7
4460	5
4461	21
4462	19
4463	2
4464	4
4465	6
4466	23
4467	1
4468	6
4469	1
4470	4
4471	6
4472	3
4473	3
4474	3
4475	9
4476	26
4477	6
4478	7
4479	18
4480	11
4481	14
4482	24
4483	11
4484	19
4485	15
4486	3
4487	4
4488	25
4489	1
4490	12
4491	2
4492	9
4493	34
4494	3
4495	5
4496	7
4497	5
4498	4
4499	19
4500	2
4501	10
4502	7
4503	14
4504	6
4505	7
4506	29
4507	17
4508	21
4509	9
4510	4
4511	5
4512	17
4513	31
4514	14
4515	1
4516	31
4517	6
4518	10
4519	24
4520	2
4521	19
4522	12
4523	10
4524	2
4525	6
4526	16
4527	16
4528	6
4529	5
4530	3
4531	7
4532	16
4533	1
4534	3
4535	7
4536	10
4537	10
4538	8
4539	14
4540	21
4541	24
4542	3
4543	3
4544	7
4545	3
4546	26
4547	7
4548	8
4549	2
4550	3
4551	1
4552	8
4553	6
4554	34
4555	3
4556	25
4557	9
4558	10
4559	2
4560	2
4561	27
4562	7
4563	12
4564	4
4565	24
4566	4
4567	9
4568	9
4569	6
4570	8
4571	23
4572	14
4573	17
4574	10
4575	16
4576	6
4577	9
4578	10
4579	9
4580	14
4581	2
4582	1
4583	4
4584	26
4585	7
4586	24
4587	3
4588	18
4589	5
4590	2
4591	9
4592	3
4593	16
4594	24
4595	2
4596	26
4597	17
4598	33
4599	24
4600	11
4601	21
4602	7
4603	9
4604	9
4605	5
4606	26
4607	2
4608	5
4609	14
4610	6
4611	17
4612	31
4613	8
4614	9
4615	4
4616	33
4617	5
4618	3
4619	6
4620	7
4621	5
4622	8
4623	8
4624	1
4625	4
4626	4
4627	12
4628	4
4629	11
4630	5
4631	25
4632	2
4633	3
4634	1
4635	2
4636	21
4637	10
4638	2
4639	13
4640	18
4641	3
4642	27
4643	11
4644	24
4645	30
4646	3
4647	1
4648	23
4649	3
4650	22
4651	10
4652	20
4653	1
4654	5
4655	3
4656	2
4657	18
4658	9
4659	3
4660	9
4661	5
4662	13
4663	6
4664	2
4665	7
4666	6
4667	17
4668	3
4669	1
4670	2
4671	4
4672	9
4673	14
4674	6
4675	25
4676	3
4677	2
4678	18
4679	32
4680	12
4681	12
4682	2
4683	33
4684	4
4685	29
4686	11
4687	7
4688	32
4689	7
4690	2
4691	5
4692	32
4693	5
4694	3
4695	8
4696	15
4697	13
4698	10
4699	5
4700	1
4701	4
4702	22
4703	10
4704	12
4705	1
4706	31
4707	13
4708	2
4709	28
4710	20
4711	2
4712	26
4713	27
4714	19
4715	28
4716	1
4717	5
4718	11
4719	7
4720	2
4721	8
4722	10
4723	10
4724	3
4725	5
4726	16
4727	22
4728	3
4729	9
4730	3
4731	10
4732	5
4733	17
4734	5
4735	16
4736	1
4737	1
4738	12
4739	2
4740	4
4741	11
4742	6
4743	23
4744	13
4745	32
4746	14
4747	6
4748	33
4749	4
4750	22
4751	10
4752	6
4753	23
4754	14
4755	8
4756	4
4757	4
4758	16
4759	4
4760	28
4761	24
4762	8
4763	5
4764	24
4765	2
4766	9
4767	4
4768	21
4769	16
4770	2
4771	4
4772	18
4773	17
4774	4
4775	9
4776	8
4777	16
4778	26
4779	2
4780	14
4781	3
4782	11
4783	16
4784	1
4785	3
4786	2
4787	21
4788	31
4789	5
4790	24
4791	1
4792	8
4793	5
4794	2
4795	8
4796	10
4797	26
4798	9
4799	23
4800	7
4801	2
4802	7
4803	1
4804	1
4805	21
4806	3
4807	3
4808	2
4809	20
4810	5
4811	30
4812	23
4813	2
4814	5
4815	34
4816	3
4817	17
4818	24
4819	2
4820	4
4821	17
4822	2
4823	4
4824	14
4825	6
4826	9
4827	5
4828	4
4829	14
4830	7
4831	4
4832	10
4833	8
4834	4
4835	34
4836	1
4837	18
4838	18
4839	24
4840	13
4841	10
4842	4
4843	7
4844	5
4845	32
4846	23
4847	7
4848	2
4849	7
4850	22
4851	23
4852	18
4853	3
4854	2
4855	30
4856	14
4857	6
4858	3
4859	2
4860	6
4861	1
4862	17
4863	5
4864	7
4865	8
4866	3
4867	11
4868	5
4869	18
4870	12
4871	10
4872	8
4873	4
4874	1
4875	21
4876	21
4877	6
4878	6
4879	2
4880	8
4881	29
4882	5
4883	24
4884	1
4885	31
4886	30
4887	27
4888	5
4889	10
4890	8
4891	17
4892	32
4893	12
4894	4
4895	6
4896	30
4897	30
4898	9
4899	5
4900	11
4901	11
4902	2
4903	33
4904	13
4905	7
4906	24
4907	5
4908	3
4909	14
4910	28
4911	6
4912	26
4913	3
4914	21
4915	28
4916	24
4917	10
4918	3
4919	16
4920	25
4921	14
4922	21
4923	1
4924	22
4925	8
4926	6
4927	16
4928	5
4929	25
4930	2
4931	2
4932	10
4933	19
4934	5
4935	18
4936	33
4937	25
4938	9
4939	1
4940	25
4941	18
4942	2
4943	33
4944	4
4945	7
4946	18
4947	19
4948	6
4949	11
4950	1
4951	6
4952	19
4953	8
4954	5
4955	4
4956	6
4957	10
4958	3
4959	15
4960	2
4961	1
4962	4
4963	9
4964	5
4965	3
4966	2
4967	1
4968	7
4969	2
4970	8
4971	7
4972	3
4973	6
4974	3
4975	4
4976	12
4977	9
4978	9
4979	6
4980	2
4981	30
4982	12
4983	28
4984	10
4985	30
4986	6
4987	9
4988	3
4989	1
4990	14
4991	4
4992	24
4993	4
4994	23
4995	11
4996	17
4997	9
4998	3
4999	5
5000	5
5001	24
5002	19
5003	34
5004	4
5005	11
5006	9
5007	9
5008	4
5009	3
5010	32
5011	31
5012	27
5013	28
5014	19
5015	5
5016	7
5017	13
5018	20
5019	4
5020	6
5021	11
5022	6
5023	3
5024	1
5025	5
5026	13
5027	5
5028	10
5029	30
5030	17
5031	24
5032	8
5033	6
5034	10
5035	1
5036	1
5037	2
5038	24
5039	8
5040	29
5041	7
5042	17
5043	2
5044	11
5045	2
5046	6
5047	4
5048	7
5049	3
5050	5
5051	24
5052	2
5053	5
5054	3
5055	3
5056	17
5057	6
5058	14
5059	9
5060	26
5061	2
5062	9
5063	5
5064	32
5065	15
5066	34
5067	31
5068	2
5069	26
5070	4
5071	18
5072	1
5073	25
5074	1
5075	13
5076	8
5077	10
5078	9
5079	3
5080	22
5081	10
5082	20
5083	28
5084	3
5085	2
5086	3
5087	10
5088	8
5089	9
5090	8
5091	6
5092	8
5093	3
5094	11
5095	6
5096	6
5097	12
5098	2
5099	11
5100	22
5101	23
5102	4
5103	23
5104	2
5105	23
5106	22
5107	13
5108	10
5109	3
5110	1
5111	21
5112	9
5113	31
5114	2
5115	7
5116	4
5117	32
5118	9
5119	10
5120	12
5121	31
5122	3
5123	1
5124	6
5125	5
5126	4
5127	3
5128	12
5129	31
5130	32
5131	13
5132	1
5133	2
5134	2
5135	33
5136	34
5137	3
5138	5
5139	9
5140	4
5141	3
5142	8
5143	19
5144	2
5145	2
5146	2
5147	8
5148	21
5149	18
5150	31
5151	15
5152	7
5153	2
5154	31
5155	4
5156	5
5157	16
5158	3
5159	8
5160	17
5161	9
5162	4
5163	13
5164	5
5165	5
5166	3
5167	7
5168	3
5169	15
5170	9
5171	16
5172	11
5173	5
5174	10
5175	3
5176	1
5177	15
5178	4
5179	33
5180	8
5181	12
5182	27
5183	20
5184	2
5185	29
5186	28
5187	9
5188	5
5189	3
5190	3
5191	8
5192	8
5193	8
5194	9
5195	19
5196	2
5197	28
5198	12
5199	14
5200	3
5201	15
5202	27
5203	22
5204	4
5205	2
5206	9
5207	9
5208	8
5209	5
5210	3
5211	6
5212	5
5213	4
5214	4
5215	26
5216	24
5217	20
5218	29
5219	8
5220	2
5221	8
5222	4
5223	9
5224	32
5225	15
5226	20
5227	1
5228	9
5229	1
5230	9
5231	11
5232	3
5233	6
5234	16
5235	34
5236	22
5237	9
5238	12
5239	3
5240	16
5241	14
5242	6
5243	11
5244	1
5245	5
5246	9
5247	15
5248	5
5249	27
5250	16
5251	23
5252	22
5253	15
5254	18
5255	6
5256	11
5257	6
5258	19
5259	24
5260	16
5261	10
5262	6
5263	3
5264	23
5265	23
5266	15
5267	4
5268	32
5269	32
5270	19
5271	1
5272	2
5273	11
5274	2
5275	16
5276	4
5277	2
5278	17
5279	1
5280	6
5281	1
5282	12
5283	22
5284	3
5285	25
5286	10
5287	4
5288	2
5289	7
5290	10
5291	1
5292	31
5293	4
5294	1
5295	9
5296	8
5297	16
5298	3
5299	6
5300	5
5301	4
5302	32
5303	19
5304	10
5305	26
5306	12
5307	4
5308	10
5309	8
5310	3
5311	24
5312	2
5313	6
5314	17
5315	11
5316	2
5317	6
5318	8
5319	5
5320	4
5321	7
5322	7
5323	2
5324	2
5325	16
5326	2
5327	4
5328	8
5329	6
5330	1
5331	1
5332	3
5333	30
5334	18
5335	20
5336	9
5337	11
5338	6
5339	19
5340	14
5341	16
5342	11
5343	19
5344	24
5345	10
5346	28
5347	4
5348	3
5349	10
5350	19
5351	4
5352	3
5353	20
5354	3
5355	11
5356	5
5357	3
5358	19
5359	8
5360	6
5361	17
5362	1
5363	23
5364	4
5365	12
5366	4
5367	4
5368	10
5369	24
5370	2
5371	4
5372	6
5373	5
5374	14
5375	15
5376	8
5377	6
5378	34
5379	33
5380	2
5381	28
5382	31
5383	1
5384	3
5385	1
5386	8
5387	5
5388	12
5389	6
5390	8
5391	7
5392	1
5393	12
5394	3
5395	4
5396	3
5397	21
5398	12
5399	2
5400	16
5401	10
5402	14
5403	32
5404	2
5405	16
5406	18
5407	7
5408	11
5409	12
5410	9
5411	32
5412	16
5413	10
5414	15
5415	5
5416	2
5417	2
5418	28
5419	1
5420	7
5421	7
5422	8
5423	1
5424	6
5425	15
5426	2
5427	1
5428	7
5429	22
5430	1
5431	4
5432	25
5433	4
5434	31
5435	4
5436	3
5437	9
5438	9
5439	6
5440	23
5441	5
5442	7
5443	2
5444	12
5445	22
5446	12
5447	3
5448	7
5449	32
5450	5
5451	14
5452	8
5453	2
5454	1
5455	32
5456	28
5457	10
5458	12
5459	23
5460	14
5461	15
5462	12
5463	22
5464	7
5465	3
5466	2
5467	14
5468	4
5469	14
5470	27
5471	14
5472	8
5473	8
5474	4
5475	24
5476	2
5477	18
5478	3
5479	28
5480	5
5481	18
5482	24
5483	7
5484	3
5485	13
5486	13
5487	2
5488	8
5489	23
5490	1
5491	22
5492	2
5493	22
5494	2
5495	4
5496	5
5497	9
5498	9
5499	1
5500	24
5501	1
5502	3
5503	3
5504	8
5505	6
5506	4
5507	11
5508	34
5509	5
5510	17
5511	34
5512	9
5513	15
5514	12
5515	2
5516	27
5517	10
5518	3
5519	12
5520	5
5521	5
5522	18
5523	27
5524	7
5525	3
5526	10
5527	6
5528	8
5529	18
5530	5
5531	8
5532	15
5533	7
5534	21
5535	2
5536	22
5537	17
5538	5
5539	2
5540	4
5541	25
5542	20
5543	25
5544	11
5545	3
5546	16
5547	6
5548	29
5549	7
5550	7
5551	18
5552	2
5553	19
5554	28
5555	6
5556	29
5557	5
5558	4
5559	22
5560	2
5561	17
5562	4
5563	1
5564	3
5565	4
5566	16
5567	2
5568	16
5569	2
5570	31
5571	25
5572	3
5573	7
5574	4
5575	28
5576	6
5577	3
5578	10
5579	8
5580	11
5581	6
5582	6
5583	14
5584	5
5585	8
5586	7
5587	3
5588	18
5589	8
5590	1
5591	5
5592	15
5593	2
5594	7
5595	17
5596	34
5597	10
5598	17
5599	7
5600	7
5601	21
5602	5
5603	1
5604	23
5605	5
5606	16
5607	22
5608	4
5609	10
5610	2
5611	30
5612	15
5613	4
5614	8
5615	10
5616	13
5617	11
5618	13
5619	1
5620	5
5621	15
5622	2
5623	6
5624	21
5625	22
5626	3
5627	15
5628	4
5629	1
5630	9
5631	7
5632	15
5633	2
5634	5
5635	29
5636	8
5637	1
5638	3
5639	2
5640	32
5641	3
5642	2
5643	25
5644	13
5645	7
5646	5
5647	16
5648	20
5649	2
5650	12
5651	18
5652	15
5653	33
5654	12
5655	24
5656	3
5657	8
5658	15
5659	30
5660	3
5661	20
5662	5
5663	3
5664	6
5665	14
5666	10
5667	5
5668	7
5669	1
5670	17
5671	6
5672	8
5673	16
5674	1
5675	1
5676	6
5677	20
5678	1
5679	17
5680	3
5681	2
5682	32
5683	21
5684	4
5685	7
5686	21
5687	1
5688	22
5689	27
5690	9
5691	3
5692	8
5693	3
5694	14
5695	2
5696	6
5697	6
5698	17
5699	2
5700	3
5701	3
5702	6
5703	13
5704	7
5705	10
5706	6
5707	5
5708	18
5709	3
5710	2
5711	4
5712	29
5713	13
5714	4
5715	19
5716	16
5717	17
5718	10
5719	13
5720	9
5721	22
5722	25
5723	15
5724	11
5725	8
5726	17
5727	6
5728	2
5729	27
5730	3
5731	3
5732	32
5733	7
5734	9
5735	22
5736	5
5737	13
5738	23
5739	3
5740	9
5741	21
5742	1
5743	4
5744	1
5745	9
5746	27
5747	29
5748	5
5749	6
5750	21
5751	15
5752	22
5753	13
5754	31
5755	20
5756	8
5757	6
5758	15
5759	11
5760	8
5761	17
5762	2
5763	7
5764	9
5765	8
5766	2
5767	11
5768	18
5769	8
5770	2
5771	14
5772	10
5773	5
5774	17
5775	9
5776	31
5777	3
5778	15
5779	2
5780	6
5781	23
5782	6
5783	4
5784	19
5785	7
5786	1
5787	15
5788	2
5789	2
5790	27
5791	14
5792	16
5793	2
5794	8
5795	3
5796	10
5797	5
5798	10
5799	5
5800	3
5801	26
5802	25
5803	34
5804	7
5805	16
5806	15
5807	28
5808	1
5809	9
5810	17
5811	8
5812	1
5813	2
5814	3
5815	7
5816	9
5817	2
5818	10
5819	6
5820	3
5821	13
5822	30
5823	5
5824	20
5825	32
5826	30
5827	2
5828	31
5829	17
5830	17
5831	15
5832	13
5833	3
5834	10
5835	15
5836	2
5837	2
5838	22
5839	2
5840	2
5841	13
5842	3
5843	5
5844	8
5845	8
5846	14
5847	13
5848	4
5849	30
5850	6
5851	25
5852	4
5853	2
5854	20
5855	5
5856	17
5857	7
5858	10
5859	14
5860	1
5861	1
5862	4
5863	1
5864	23
5865	17
5866	2
5867	21
5868	5
5869	17
5870	21
5871	3
5872	2
5873	22
5874	5
5875	12
5876	3
5877	7
5878	16
5879	14
5880	2
5881	5
5882	7
5883	5
5884	21
5885	2
5886	5
5887	3
5888	2
5889	17
5890	17
5891	3
5892	6
5893	3
5894	32
5895	15
5896	9
5897	1
5898	2
5899	17
5900	8
5901	5
5902	25
5903	17
5904	25
5905	24
5906	13
5907	2
5908	9
5909	6
5910	34
5911	1
5912	2
5913	2
5914	1
5915	23
5916	24
5917	4
5918	23
5919	3
5920	4
5921	11
5922	5
5923	10
5924	4
5925	14
5926	16
5927	3
5928	13
5929	8
5930	6
5931	4
5932	12
5933	4
5934	1
5935	9
5936	34
5937	18
5938	5
5939	9
5940	20
5941	13
5942	2
5943	9
5944	7
5945	10
5946	2
5947	29
5948	1
5949	28
5950	12
5951	5
5952	8
5953	5
5954	4
5955	31
5956	1
5957	32
5958	18
5959	7
5960	2
5961	17
5962	5
5963	22
5964	24
5965	8
5966	2
5967	2
5968	2
5969	3
5970	13
5971	8
5972	14
5973	32
5974	4
5975	5
5976	1
5977	9
5978	2
5979	3
5980	9
5981	7
5982	9
5983	3
5984	11
5985	2
5986	20
5987	9
5988	30
5989	24
5990	29
5991	17
5992	1
5993	29
5994	2
5995	10
5996	19
5997	7
5998	4
5999	1
6000	4
6001	8
6002	24
6003	18
6004	10
6005	16
6006	3
6007	4
6008	4
6009	6
6010	4
6011	3
6012	17
6013	3
6014	7
6015	32
6016	3
6017	6
6018	31
6019	13
6020	15
6021	20
6022	5
6023	2
6024	14
6025	17
6026	7
6027	24
6028	5
6029	8
6030	23
6031	9
6032	28
6033	21
6034	2
6035	8
6036	2
6037	8
6038	22
6039	3
6040	24
6041	3
6042	9
6043	2
6044	8
6045	11
6046	18
6047	25
6048	1
6049	5
6050	28
6051	1
6052	9
6053	23
6054	4
6055	4
6056	12
6057	9
6058	4
6059	13
6060	5
6061	10
6062	23
6063	8
6064	33
6065	2
6066	12
6067	12
6068	2
6069	2
6070	5
6071	15
6072	17
6073	31
6074	4
6075	15
6076	7
6077	5
6078	10
6079	25
6080	16
6081	3
6082	7
6083	7
6084	2
6085	34
6086	4
6087	33
6088	8
6089	17
6090	21
6091	2
6092	2
6093	16
6094	3
6095	27
6096	10
6097	12
6098	7
6099	9
6100	11
6101	2
6102	4
6103	2
6104	8
6105	30
6106	11
6107	5
6108	9
6109	3
6110	2
6111	16
6112	7
6113	28
6114	6
6115	26
6116	23
6117	10
6118	9
6119	6
6120	3
6121	9
6122	17
6123	5
6124	7
6125	1
6126	30
6127	13
6128	21
6129	22
6130	21
6131	1
6132	19
6133	2
6134	15
6135	9
6136	3
6137	17
6138	10
6139	33
6140	7
6141	17
6142	2
6143	14
6144	2
6145	8
6146	10
6147	2
6148	3
6149	22
6150	14
6151	6
6152	2
6153	5
6154	7
6155	16
6156	7
6157	4
6158	16
6159	24
6160	2
6161	23
6162	13
6163	5
6164	2
6165	8
6166	17
6167	32
6168	5
6169	28
6170	16
6171	20
6172	22
6173	9
6174	25
6175	2
6176	3
6177	28
6178	25
6179	11
6180	29
6181	20
6182	21
6183	9
6184	2
6185	8
6186	6
6187	4
6188	3
6189	19
6190	7
6191	2
6192	24
6193	12
6194	31
6195	2
6196	6
6197	22
6198	3
6199	8
6200	24
6201	3
6202	8
6203	3
6204	14
6205	23
6206	17
6207	5
6208	4
6209	2
6210	20
6211	2
6212	4
6213	6
6214	6
6215	3
6216	8
6217	22
6218	24
6219	5
6220	2
6221	7
6222	2
6223	2
6224	30
6225	34
6226	27
6227	20
6228	4
6229	4
6230	6
6231	13
6232	3
6233	3
6234	18
6235	22
6236	6
6237	16
6238	22
6239	4
6240	3
6241	2
6242	2
6243	3
6244	3
6245	6
6246	2
6247	2
6248	9
6249	7
6250	2
6251	26
6252	2
6253	25
6254	8
6255	14
6256	22
6257	17
6258	18
6259	15
6260	18
6261	14
6262	14
6263	28
6264	28
6265	19
6266	20
6267	5
6268	7
6269	8
6270	3
6271	11
6272	6
6273	2
6274	8
6275	2
6276	3
6277	15
6278	15
6279	3
6280	20
6281	16
6282	8
6283	7
6284	1
6285	14
6286	2
6287	5
6288	5
6289	9
6290	4
6291	3
6292	2
6293	10
6294	1
6295	4
6296	4
6297	9
6298	16
6299	8
6300	2
6301	4
6302	10
6303	16
6304	6
6305	8
6306	16
6307	8
6308	3
6309	2
6310	21
6311	4
6312	19
6313	3
6314	6
6315	3
6316	7
6317	18
6318	28
6319	4
6320	1
6321	3
6322	17
6323	1
6324	12
6325	5
6326	3
6327	7
6328	3
6329	15
6330	5
6331	16
6332	4
6333	2
6334	10
6335	4
6336	20
6337	30
6338	1
6339	10
6340	2
6341	8
6342	22
6343	24
6344	14
6345	1
6346	21
6347	5
6348	6
6349	2
6350	12
6351	7
6352	3
6353	12
6354	6
6355	2
6356	11
6357	8
6358	8
6359	2
6360	11
6361	13
6362	1
6363	2
6364	4
6365	25
6366	5
6367	29
6368	1
6369	17
6370	2
6371	8
6372	34
6373	14
6374	6
6375	34
6376	4
6377	15
6378	10
6379	2
6380	20
6381	9
6382	13
6383	6
6384	23
6385	4
6386	3
6387	6
6388	2
6389	7
6390	21
6391	33
6392	17
6393	2
6394	18
6395	9
6396	32
6397	7
6398	11
6399	25
6400	10
6401	23
6402	6
6403	5
6404	2
6405	3
6406	2
6407	8
6408	33
6409	7
6410	12
6411	3
6412	3
6413	3
6414	4
6415	2
6416	3
6417	12
6418	4
6419	2
6420	4
6421	1
6422	18
6423	4
6424	8
6425	8
6426	10
6427	9
6428	21
6429	5
6430	2
6431	1
6432	28
6433	3
6434	30
6435	2
6436	14
6437	9
6438	6
6439	21
6440	2
6441	2
6442	2
6443	7
6444	11
6445	14
6446	4
6447	10
6448	4
6449	8
6450	11
6451	27
6452	12
6453	10
6454	5
6455	19
6456	15
6457	5
6458	29
6459	11
6460	31
6461	21
6462	2
6463	18
6464	8
6465	12
6466	9
6467	5
6468	33
6469	26
6470	10
6471	34
6472	11
6473	25
6474	13
6475	1
6476	11
6477	4
6478	9
6479	28
6480	27
6481	29
6482	3
6483	14
6484	1
6485	3
6486	2
6487	4
6488	28
6489	2
6490	5
6491	15
6492	20
6493	19
6494	8
6495	9
6496	4
6497	8
6498	2
6499	4
6500	13
6501	32
6502	7
6503	7
6504	12
6505	29
6506	9
6507	32
6508	23
6509	29
6510	23
6511	24
6512	15
6513	22
6514	23
6515	29
6516	5
6517	24
6518	9
6519	26
6520	16
6521	9
6522	1
6523	2
6524	4
6525	2
6526	7
6527	8
6528	6
6529	3
6530	7
6531	32
6532	5
6533	10
6534	16
6535	7
6536	2
6537	24
6538	13
6539	10
6540	5
6541	30
6542	24
6543	8
6544	15
6545	23
6546	7
6547	13
6548	1
6549	21
6550	9
6551	3
6552	14
6553	30
6554	29
6555	30
6556	1
6557	33
6558	8
6559	18
6560	1
6561	11
6562	2
6563	10
6564	3
6565	4
6566	29
6567	27
6568	4
6569	33
6570	14
6571	21
6572	1
6573	2
6574	3
6575	1
6576	17
6577	9
6578	3
6579	34
6580	21
6581	1
6582	26
6583	23
6584	22
6585	27
6586	14
6587	3
6588	16
6589	2
6590	24
6591	7
6592	3
6593	10
6594	5
6595	9
6596	6
6597	4
6598	3
6599	19
6600	33
6601	13
6602	16
6603	24
6604	2
6605	2
6606	2
6607	5
6608	1
6609	17
6610	5
6611	8
6612	31
6613	4
6614	11
6615	8
6616	4
6617	15
6618	2
6619	12
6620	15
6621	3
6622	3
6623	3
6624	27
6625	9
6626	5
6627	9
6628	12
6629	24
6630	7
6631	34
6632	4
6633	3
6634	13
6635	17
6636	3
6637	22
6638	18
6639	3
6640	20
6641	2
6642	5
6643	3
6644	8
6645	25
6646	15
6647	14
6648	17
6649	32
6650	12
6651	3
6652	5
6653	30
6654	9
6655	25
6656	3
6657	6
6658	23
6659	1
6660	6
6661	4
6662	5
6663	2
6664	3
6665	17
6666	13
6667	9
6668	5
6669	33
6670	4
6671	23
6672	16
6673	34
6674	17
6675	21
6676	10
6677	8
6678	17
6679	8
6680	12
6681	2
6682	10
6683	2
6684	8
6685	30
6686	4
6687	4
6688	10
6689	3
6690	6
6691	7
6692	13
6693	7
6694	16
6695	5
6696	19
6697	33
6698	19
6699	5
6700	16
6701	1
6702	25
6703	20
6704	4
6705	3
6706	13
6707	30
6708	7
6709	2
6710	13
6711	4
6712	6
6713	10
6714	6
6715	4
6716	10
6717	4
6718	10
6719	23
6720	10
6721	8
6722	7
6723	17
6724	2
6725	8
6726	21
6727	25
6728	9
6729	15
6730	4
6731	23
6732	9
6733	34
6734	31
6735	1
6736	3
6737	26
6738	2
6739	18
6740	29
6741	3
6742	31
6743	2
6744	22
6745	6
6746	17
6747	2
6748	12
6749	6
6750	2
6751	15
6752	32
6753	5
6754	6
6755	8
6756	2
6757	21
6758	3
6759	13
6760	8
6761	23
6762	33
6763	22
6764	3
6765	7
6766	1
6767	3
6768	10
6769	29
6770	27
6771	2
6772	12
6773	30
6774	10
6775	26
6776	3
6777	24
6778	32
6779	14
6780	6
6781	1
6782	21
6783	1
6784	3
6785	5
6786	26
6787	18
6788	18
6789	23
6790	6
6791	12
6792	9
6793	1
6794	13
6795	4
6796	16
6797	2
6798	26
6799	6
6800	24
6801	1
6802	3
6803	8
6804	10
6805	7
6806	7
6807	2
6808	5
6809	1
6810	2
6811	18
6812	13
6813	4
6814	27
6815	10
6816	8
6817	16
6818	6
6819	7
6820	4
6821	9
6822	2
6823	15
6824	4
6825	15
6826	28
6827	14
6828	5
6829	7
6830	15
6831	32
6832	1
6833	1
6834	5
6835	4
6836	8
6837	4
6838	8
6839	19
6840	1
6841	34
6842	14
6843	5
6844	2
6845	5
6846	12
6847	2
6848	22
6849	3
6850	2
6851	2
6852	8
6853	13
6854	13
6855	16
6856	16
6857	19
6858	3
6859	1
6860	33
6861	4
6862	31
6863	7
6864	8
6865	3
6866	2
6867	26
6868	2
6869	6
6870	19
6871	8
6872	29
6873	12
6874	7
6875	34
6876	5
6877	2
6878	6
6879	9
6880	8
6881	7
6882	14
6883	24
6884	14
6885	3
6886	29
6887	8
6888	19
6889	17
6890	8
6891	1
6892	26
6893	9
6894	5
6895	17
6896	25
6897	29
6898	2
6899	10
6900	4
6901	30
6902	1
6903	13
6904	5
6905	16
6906	8
6907	23
6908	23
6909	34
6910	6
6911	10
6912	22
6913	2
6914	5
6915	3
6916	20
6917	3
6918	28
6919	23
6920	12
6921	30
6922	1
6923	29
6924	6
6925	4
6926	9
6927	18
6928	8
6929	11
6930	3
6931	34
6932	3
6933	18
6934	19
6935	2
6936	4
6937	9
6938	30
6939	2
6940	8
6941	4
6942	4
6943	13
6944	20
6945	8
6946	9
6947	9
6948	28
6949	25
6950	33
6951	13
6952	29
6953	29
6954	22
6955	18
6956	10
6957	2
6958	1
6959	14
6960	3
6961	2
6962	19
6963	10
6964	16
6965	1
6966	4
6967	8
6968	31
6969	14
6970	2
6971	4
6972	21
6973	8
6974	1
6975	5
6976	22
6977	4
6978	1
6979	2
6980	7
6981	2
6982	14
6983	17
6984	11
6985	6
6986	5
6987	9
6988	8
6989	22
6990	4
6991	4
6992	26
6993	8
6994	13
6995	4
6996	5
6997	28
6998	12
6999	4
7000	32
7001	20
7002	1
7003	2
7004	4
7005	2
7006	24
7007	16
7008	33
7009	2
7010	6
7011	12
7012	4
7013	2
7014	3
7015	1
7016	30
7017	4
7018	2
7019	33
7020	2
7021	1
7022	21
7023	21
7024	31
7025	7
7026	26
7027	3
7028	4
7029	29
7030	11
7031	15
7032	31
7033	15
7034	17
7035	30
7036	8
7037	16
7038	2
7039	17
7040	10
7041	25
7042	16
7043	6
7044	4
7045	11
7046	12
7047	21
7048	10
7049	4
7050	9
7051	6
7052	10
7053	8
7054	19
7055	3
7056	30
7057	30
7058	14
7059	13
7060	8
7061	11
7062	5
7063	30
7064	30
7065	31
7066	9
7067	24
7068	5
7069	9
7070	11
7071	2
7072	5
7073	1
7074	8
7075	18
7076	16
7077	16
7078	2
7079	10
7080	4
7081	2
7082	24
7083	33
7084	9
7085	7
7086	4
7087	5
7088	2
7089	15
7090	10
7091	10
7092	10
7093	10
7094	2
7095	11
7096	10
7097	32
7098	15
7099	4
7100	5
7101	2
7102	9
7103	1
7104	5
7105	33
7106	9
7107	18
7108	10
7109	2
7110	5
7111	5
7112	32
7113	6
7114	15
7115	9
7116	2
7117	7
7118	21
7119	4
7120	8
7121	34
7122	14
7123	25
7124	14
7125	15
7126	12
7127	8
7128	1
7129	7
7130	17
7131	4
7132	14
7133	13
7134	3
7135	3
7136	2
7137	16
7138	14
7139	2
7140	3
7141	15
7142	10
7143	18
7144	2
7145	7
7146	5
7147	29
7148	18
7149	13
7150	22
7151	2
7152	19
7153	4
7154	29
7155	7
7156	20
7157	15
7158	2
7159	10
7160	5
7161	6
7162	20
7163	5
7164	7
7165	3
7166	15
7167	2
7168	3
7169	8
7170	10
7171	3
7172	2
7173	34
7174	9
7175	26
7176	29
7177	16
7178	7
7179	9
7180	2
7181	2
7182	4
7183	9
7184	19
7185	2
7186	9
7187	3
7188	6
7189	10
7190	6
7191	9
7192	27
7193	10
7194	8
7195	15
7196	3
7197	4
7198	13
7199	5
7200	2
7201	2
7202	28
7203	11
7204	5
7205	5
7206	13
7207	15
7208	5
7209	10
7210	5
7211	16
7212	13
7213	4
7214	4
7215	2
7216	27
7217	6
7218	10
7219	1
7220	17
7221	12
7222	2
7223	6
7224	17
7225	8
7226	20
7227	2
7228	2
7229	11
7230	4
7231	7
7232	21
7233	20
7234	8
7235	3
7236	15
7237	8
7238	5
7239	4
7240	14
7241	7
7242	1
7243	11
7244	20
7245	3
7246	3
7247	21
7248	4
7249	15
7250	29
7251	1
7252	33
7253	2
7254	2
7255	4
7256	33
7257	2
7258	19
7259	2
7260	30
7261	1
7262	27
7263	5
7264	5
7265	5
7266	31
7267	23
7268	5
7269	12
7270	5
7271	2
7272	1
7273	1
7274	10
7275	1
7276	6
7277	20
7278	4
7279	9
7280	24
7281	3
7282	10
7283	24
7284	16
7285	8
7286	24
7287	2
7288	29
7289	25
7290	5
7291	6
7292	14
7293	28
7294	12
7295	11
7296	10
7297	34
7298	14
7299	27
7300	10
7301	13
7302	20
7303	25
7304	6
7305	6
7306	9
7307	8
7308	13
7309	16
7310	15
7311	31
7312	7
7313	34
7314	4
7315	3
7316	12
7317	21
7318	4
7319	34
7320	6
7321	31
7322	6
7323	2
7324	32
7325	6
7326	10
7327	12
7328	2
7329	7
7330	3
7331	4
7332	2
7333	5
7334	22
7335	12
7336	15
7337	2
7338	16
7339	2
7340	3
7341	17
7342	1
7343	3
7344	5
7345	11
7346	10
7347	18
7348	7
7349	5
7350	21
7351	17
7352	7
7353	1
7354	8
7355	8
7356	31
7357	4
7358	14
7359	30
7360	1
7361	9
7362	3
7363	25
7364	2
7365	14
7366	21
7367	1
7368	8
7369	34
7370	15
7371	7
7372	5
7373	2
7374	27
7375	14
7376	16
7377	10
7378	1
7379	5
7380	4
7381	4
7382	1
7383	5
7384	1
7385	11
7386	5
7387	7
7388	16
7389	12
7390	7
7391	13
7392	5
7393	8
7394	1
7395	7
7396	10
7397	2
7398	16
7399	8
7400	4
7401	10
7402	32
7403	14
7404	12
7405	17
7406	7
7407	8
7408	32
7409	4
7410	3
7411	33
7412	6
7413	17
7414	9
7415	2
7416	23
7417	4
7418	29
7419	28
7420	9
7421	2
7422	7
7423	28
7424	4
7425	34
7426	14
7427	16
7428	2
7429	14
7430	22
7431	1
7432	24
7433	16
7434	4
7435	5
7436	3
7437	7
7438	1
7439	11
7440	8
7441	4
7442	22
7443	15
7444	15
7445	20
7446	21
7447	7
7448	23
7449	16
7450	6
7451	8
7452	3
7453	7
7454	9
7455	22
7456	12
7457	13
7458	14
7459	1
7460	22
7461	10
7462	6
7463	7
7464	34
7465	6
7466	10
7467	10
7468	6
7469	29
7470	27
7471	13
7472	28
7473	19
7474	4
7475	27
7476	3
7477	15
7478	5
7479	17
7480	14
7481	5
7482	14
7483	34
7484	17
7485	11
7486	26
7487	6
7488	11
7489	11
7490	3
7491	11
7492	31
7493	4
7494	3
7495	3
7496	20
7497	18
7498	4
7499	4
7500	12
7501	12
7502	8
7503	24
7504	6
7505	9
7506	24
7507	6
7508	24
7509	2
7510	33
7511	17
7512	12
7513	2
7514	12
7515	2
7516	8
7517	5
7518	13
7519	8
7520	10
7521	12
7522	10
7523	18
7524	4
7525	26
7526	23
7527	4
7528	20
7529	2
7530	5
7531	10
7532	6
7533	2
7534	30
7535	20
7536	20
7537	32
7538	22
7539	17
7540	7
7541	14
7542	23
7543	16
7544	7
7545	30
7546	16
7547	17
7548	1
7549	14
7550	14
7551	3
7552	5
7553	17
7554	2
7555	18
7556	9
7557	8
7558	22
7559	12
7560	4
7561	3
7562	19
7563	12
7564	6
7565	19
7566	7
7567	11
7568	31
7569	2
7570	15
7571	4
7572	12
7573	6
7574	8
7575	13
7576	9
7577	1
7578	29
7579	17
7580	10
7581	13
7582	5
7583	3
7584	3
7585	3
7586	11
7587	2
7588	32
7589	14
7590	10
7591	22
7592	5
7593	11
7594	6
7595	22
7596	4
7597	32
7598	15
7599	2
7600	12
7601	29
7602	4
7603	11
7604	21
7605	1
7606	6
7607	5
7608	9
7609	10
7610	6
7611	19
7612	9
7613	22
7614	25
7615	6
7616	23
7617	1
7618	1
7619	2
7620	20
7621	11
7622	33
7623	3
7624	5
7625	13
7626	2
7627	23
7628	4
7629	4
7630	4
7631	3
7632	2
7633	4
7634	23
7635	28
7636	4
7637	21
7638	10
7639	11
7640	24
7641	2
7642	23
7643	33
7644	2
7645	15
7646	4
7647	18
7648	2
7649	25
7650	7
7651	4
7652	1
7653	28
7654	27
7655	19
7656	2
7657	4
7658	29
7659	19
7660	5
7661	3
7662	2
7663	4
7664	5
7665	32
7666	7
7667	3
7668	1
7669	11
7670	19
7671	1
7672	7
7673	17
7674	4
7675	7
7676	17
7677	20
7678	13
7679	9
7680	4
7681	4
7682	5
7683	29
7684	28
7685	14
7686	4
7687	7
7688	10
7689	12
7690	10
7691	5
7692	2
7693	2
7694	3
7695	3
7696	3
7697	8
7698	33
7699	4
7700	26
7701	22
7702	21
7703	6
7704	7
7705	3
7706	3
7707	5
7708	2
7709	30
7710	10
7711	10
7712	6
7713	6
7714	10
7715	1
7716	2
7717	16
7718	7
7719	19
7720	4
7721	27
7722	2
7723	8
7724	14
7725	31
7726	19
7727	21
7728	8
7729	6
7730	6
7731	10
7732	1
7733	7
7734	7
7735	7
7736	2
7737	3
7738	16
7739	8
7740	3
7741	5
7742	7
7743	15
7744	2
7745	1
7746	1
7747	2
7748	6
7749	5
7750	1
7751	2
7752	14
7753	33
7754	1
7755	9
7756	20
7757	3
7758	18
7759	14
7760	10
7761	10
7762	30
7763	3
7764	26
7765	3
7766	26
7767	28
7768	5
7769	19
7770	2
7771	3
7772	20
7773	25
7774	3
7775	9
7776	18
7777	4
7778	4
7779	3
7780	5
7781	2
7782	3
7783	17
7784	2
7785	28
7786	4
7787	13
7788	28
7789	12
7790	8
7791	3
7792	5
7793	7
7794	15
7795	7
7796	13
7797	5
7798	7
7799	16
7800	7
7801	26
7802	12
7803	1
7804	23
7805	22
7806	1
7807	17
7808	18
7809	13
7810	3
7811	18
7812	8
7813	17
7814	8
7815	3
7816	2
7817	10
7818	3
7819	11
7820	12
7821	2
7822	5
7823	16
7824	8
7825	18
7826	5
7827	17
7828	3
7829	7
7830	3
7831	21
7832	29
7833	9
7834	19
7835	9
7836	12
7837	9
7838	5
7839	23
7840	14
7841	17
7842	5
7843	28
7844	5
7845	15
7846	9
7847	19
7848	3
7849	2
7850	2
7851	5
7852	2
7853	4
7854	29
7855	5
7856	5
7857	2
7858	2
7859	4
7860	5
7861	12
7862	12
7863	23
7864	4
7865	13
7866	3
7867	1
7868	1
7869	3
7870	31
7871	7
7872	7
7873	3
7874	2
7875	24
7876	3
7877	18
7878	2
7879	34
7880	13
7881	20
7882	2
7883	19
7884	5
7885	24
7886	4
7887	3
7888	2
7889	23
7890	33
7891	13
7892	10
7893	8
7894	3
7895	22
7896	33
7897	14
7898	9
7899	6
7900	13
7901	10
7902	9
7903	1
7904	19
7905	2
7906	2
7907	29
7908	28
7909	19
7910	4
7911	14
7912	23
7913	2
7914	14
7915	30
7916	29
7917	2
7918	3
7919	16
7920	5
7921	2
7922	8
7923	6
7924	5
7925	10
7926	4
7927	2
7928	19
7929	9
7930	3
7931	2
7932	2
7933	15
7934	5
7935	9
7936	9
7937	29
7938	19
7939	20
7940	10
7941	19
7942	21
7943	12
7944	7
7945	15
7946	2
7947	21
7948	4
7949	2
7950	5
7951	1
7952	7
7953	1
7954	13
7955	5
7956	24
7957	27
7958	8
7959	2
7960	2
7961	9
7962	9
7963	3
7964	11
7965	24
7966	29
7967	6
7968	8
7969	22
7970	4
7971	23
7972	2
7973	20
7974	9
7975	9
7976	16
7977	3
7978	3
7979	6
7980	2
7981	7
7982	31
7983	14
7984	16
7985	15
7986	7
7987	2
7988	5
7989	3
7990	12
7991	12
7992	3
7993	3
7994	18
7995	6
7996	2
7997	8
7998	5
7999	6
8000	10
8001	19
8002	8
8003	11
8004	28
8005	18
8006	9
8007	22
8008	17
8009	19
8010	25
8011	3
8012	12
8013	1
8014	4
8015	34
8016	9
8017	28
8018	13
8019	6
8020	4
8021	27
8022	12
8023	2
8024	3
8025	26
8026	3
8027	5
8028	7
8029	15
8030	26
8031	3
8032	15
8033	2
8034	18
8035	26
8036	2
8037	6
8038	13
8039	2
8040	14
8041	15
8042	18
8043	33
8044	18
8045	4
8046	2
8047	13
8048	6
8049	23
8050	6
8051	5
8052	12
8053	4
8054	5
8055	9
8056	6
8057	1
8058	31
8059	9
8060	21
8061	10
8062	3
8063	9
8064	17
8065	13
8066	34
8067	9
8068	21
8069	3
8070	15
8071	12
8072	6
8073	6
8074	9
8075	10
8076	22
8077	24
8078	16
8079	2
8080	9
8081	8
8082	11
8083	34
8084	15
8085	2
8086	10
8087	19
8088	2
8089	20
8090	2
8091	7
8092	4
8093	3
8094	8
8095	25
8096	3
8097	18
8098	17
8099	3
8100	15
8101	7
8102	7
8103	8
8104	3
8105	21
8106	6
8107	9
8108	12
8109	3
8110	1
8111	5
8112	3
8113	17
8114	3
8115	3
8116	14
8117	23
8118	23
8119	28
8120	11
8121	17
8122	3
8123	18
8124	6
8125	30
8126	6
8127	10
8128	5
8129	15
8130	5
8131	12
8132	5
8133	2
8134	3
8135	1
8136	3
8137	22
8138	1
8139	8
8140	9
8141	6
8142	2
8143	4
8144	7
8145	11
8146	6
8147	11
8148	7
8149	22
8150	9
8151	9
8152	15
8153	3
8154	1
8155	4
8156	18
8157	9
8158	14
8159	11
8160	9
8161	11
8162	4
8163	34
8164	4
8165	3
8166	28
8167	6
8168	20
8169	8
8170	6
8171	3
8172	24
8173	23
8174	24
8175	12
8176	26
8177	5
8178	3
8179	7
8180	2
8181	9
8182	11
8183	3
8184	3
8185	2
8186	2
8187	7
8188	9
8189	16
8190	7
8191	7
8192	28
8193	16
8194	28
8195	5
8196	31
8197	6
8198	4
8199	2
8200	12
8201	23
8202	16
8203	32
8204	2
8205	3
8206	3
8207	8
8208	12
8209	2
8210	25
8211	13
8212	33
8213	15
8214	7
8215	1
8216	2
8217	1
8218	28
8219	9
8220	29
8221	28
8222	8
8223	9
8224	9
8225	11
8226	15
8227	13
8228	10
8229	5
8230	11
8231	4
8232	7
8233	2
8234	12
8235	2
8236	3
8237	28
8238	15
8239	11
8240	4
8241	1
8242	8
8243	1
8244	2
8245	14
8246	29
8247	2
8248	2
8249	7
8250	26
8251	18
8252	3
8253	4
8254	2
8255	22
8256	3
8257	4
8258	12
8259	8
8260	1
8261	32
8262	21
8263	25
8264	15
8265	9
8266	6
8267	5
8268	6
8269	2
8270	12
8271	4
8272	4
8273	9
8274	3
8275	3
8276	12
8277	9
8278	8
8279	5
8280	10
8281	8
8282	4
8283	13
8284	10
8285	3
8286	21
8287	9
8288	4
8289	15
8290	3
8291	14
8292	31
8293	17
8294	8
8295	2
8296	11
8297	5
8298	14
8299	7
8300	7
8301	5
8302	11
8303	3
8304	2
8305	19
8306	8
8307	12
8308	3
8309	13
8310	8
8311	13
8312	2
8313	6
8314	24
8315	27
8316	8
8317	11
8318	3
8319	21
8320	1
8321	11
8322	9
8323	6
8324	4
8325	12
8326	3
8327	1
8328	15
8329	4
8330	5
8331	1
8332	19
8333	5
8334	24
8335	1
8336	6
8337	2
8338	8
8339	27
8340	9
8341	7
8342	8
8343	3
8344	10
8345	10
8346	8
8347	9
8348	21
8349	23
8350	7
8351	1
8352	14
8353	7
8354	2
8355	3
8356	5
8357	30
8358	3
8359	1
8360	1
8361	26
8362	18
8363	6
8364	14
8365	11
8366	23
8367	1
8368	3
8369	5
8370	7
8371	20
8372	2
8373	6
8374	33
8375	7
8376	13
8377	15
8378	4
8379	16
8380	2
8381	23
8382	7
8383	4
8384	16
8385	1
8386	4
8387	10
8388	14
8389	13
8390	5
8391	5
8392	26
8393	3
8394	5
8395	9
8396	33
8397	14
8398	3
8399	15
8400	3
8401	31
8402	7
8403	21
8404	2
8405	23
8406	2
8407	2
8408	34
8409	15
8410	6
8411	13
8412	24
8413	2
8414	23
8415	15
8416	19
8417	17
8418	5
8419	2
8420	2
8421	2
8422	10
8423	17
8424	7
8425	33
8426	22
8427	15
8428	2
8429	7
8430	16
8431	27
8432	5
8433	1
8434	9
8435	28
8436	5
8437	2
8438	6
8439	17
8440	28
8441	8
8442	20
8443	3
8444	16
8445	3
8446	4
8447	10
8448	20
8449	3
8450	3
8451	24
8452	4
8453	5
8454	3
8455	28
8456	6
8457	5
8458	17
8459	16
8460	20
8461	9
8462	5
8463	4
8464	3
8465	29
8466	4
8467	11
8468	9
8469	5
8470	28
8471	26
8472	10
8473	10
8474	1
8475	13
8476	12
8477	1
8478	16
8479	5
8480	5
8481	12
8482	2
8483	25
8484	17
8485	8
8486	4
8487	13
8488	10
8489	2
8490	19
8491	1
8492	2
8493	4
8494	16
8495	19
8496	14
8497	27
8498	11
8499	2
8500	2
8501	10
8502	2
8503	22
8504	22
8505	14
8506	5
8507	13
8508	10
8509	5
8510	9
8511	8
8512	1
8513	31
8514	7
8515	11
8516	3
8517	8
8518	3
8519	5
8520	6
8521	2
8522	5
8523	20
8524	22
8525	2
8526	14
8527	4
8528	5
8529	3
8530	4
8531	3
8532	13
8533	15
8534	16
8535	9
8536	18
8537	15
8538	6
8539	6
8540	21
8541	15
8542	19
8543	1
8544	14
8545	8
8546	2
8547	4
8548	13
8549	17
8550	7
8551	4
8552	2
8553	6
8554	24
8555	5
8556	4
8557	9
8558	11
8559	15
8560	28
8561	2
8562	3
8563	14
8564	15
8565	4
8566	2
8567	21
8568	4
8569	15
8570	7
8571	2
8572	28
8573	3
8574	9
8575	16
8576	2
8577	25
8578	20
8579	29
8580	21
8581	10
8582	3
8583	2
8584	10
8585	4
8586	30
8587	3
8588	12
8589	5
8590	15
8591	24
8592	28
8593	2
8594	2
8595	8
8596	3
8597	2
8598	13
8599	1
8600	1
8601	23
8602	15
8603	20
8604	33
8605	10
8606	3
8607	7
8608	13
8609	18
8610	2
8611	21
8612	32
8613	34
8614	19
8615	7
8616	12
8617	20
8618	3
8619	10
8620	4
8621	3
8622	15
8623	7
8624	7
8625	10
8626	16
8627	4
8628	1
8629	7
8630	6
8631	19
8632	34
8633	9
8634	10
8635	21
8636	17
8637	11
8638	7
8639	9
8640	8
8641	3
8642	4
8643	12
8644	20
8645	5
8646	18
8647	3
8648	2
8649	12
8650	26
8651	8
8652	11
8653	1
8654	16
8655	2
8656	17
8657	5
8658	24
8659	22
8660	33
8661	15
8662	23
8663	3
8664	9
8665	14
8666	6
8667	1
8668	12
8669	10
8670	12
8671	2
8672	14
8673	21
8674	6
8675	20
8676	7
8677	8
8678	17
8679	28
8680	7
8681	3
8682	25
8683	21
8684	9
8685	7
8686	12
8687	1
8688	15
8689	12
8690	3
8691	5
8692	13
8693	18
8694	27
8695	21
8696	11
8697	27
8698	21
8699	2
8700	5
8701	9
8702	14
8703	21
8704	6
8705	20
8706	13
8707	25
8708	3
8709	15
8710	15
8711	5
8712	6
8713	9
8714	16
8715	6
8716	4
8717	12
8718	24
8719	8
8720	31
8721	28
8722	10
8723	1
8724	11
8725	5
8726	9
8727	7
8728	10
8729	30
8730	8
8731	9
8732	1
8733	18
8734	17
8735	1
8736	29
8737	25
8738	3
8739	33
8740	10
8741	7
8742	27
8743	13
8744	4
8745	22
8746	10
8747	30
8748	16
8749	5
8750	8
8751	2
8752	7
8753	2
8754	15
8755	24
8756	12
8757	2
8758	14
8759	19
8760	31
8761	1
8762	1
8763	5
8764	4
8765	8
8766	1
8767	6
8768	5
8769	3
8770	9
8771	16
8772	12
8773	5
8774	3
8775	7
8776	32
8777	17
8778	18
8779	1
8780	10
8781	1
8782	12
8783	14
8784	31
8785	1
8786	5
8787	10
8788	34
8789	4
8790	2
8791	1
8792	8
8793	8
8794	2
8795	7
8796	2
8797	8
8798	6
8799	3
8800	15
8801	7
8802	8
8803	7
8804	13
8805	22
8806	10
8807	6
8808	2
8809	6
8810	12
8811	21
8812	7
8813	6
8814	25
8815	6
8816	28
8817	15
8818	1
8819	5
8820	32
8821	3
8822	25
8823	2
8824	5
8825	4
8826	3
8827	6
8828	8
8829	2
8830	6
8831	23
8832	14
8833	1
8834	13
8835	19
8836	1
8837	13
8838	18
8839	2
8840	29
8841	8
8842	2
8843	7
8844	11
8845	15
8846	20
8847	22
8848	2
8849	2
8850	10
8851	5
8852	17
8853	2
8854	9
8855	4
8856	20
8857	10
8858	3
8859	20
8860	2
8861	5
8862	4
8863	32
8864	8
8865	5
8866	17
8867	34
8868	4
8869	9
8870	4
8871	19
8872	2
8873	26
8874	7
8875	9
8876	2
8877	6
8878	13
8879	28
8880	13
8881	2
8882	15
8883	3
8884	25
8885	5
8886	2
8887	1
8888	5
8889	2
8890	18
8891	2
8892	7
8893	12
8894	28
8895	30
8896	3
8897	3
8898	9
8899	3
8900	6
8901	5
8902	7
8903	33
8904	3
8905	9
8906	2
8907	28
8908	23
8909	4
8910	6
8911	1
8912	2
8913	3
8914	21
8915	13
8916	9
8917	4
8918	33
8919	7
8920	21
8921	2
8922	27
8923	28
8924	27
8925	17
8926	3
8927	2
8928	31
8929	6
8930	16
8931	24
8932	8
8933	5
8934	8
8935	5
8936	23
8937	23
8938	6
8939	18
8940	4
8941	8
8942	7
8943	3
8944	24
8945	18
8946	3
8947	4
8948	3
8949	2
8950	5
8951	2
8952	11
8953	10
8954	2
8955	10
8956	18
8957	27
8958	25
8959	23
8960	8
8961	20
8962	18
8963	19
8964	21
8965	33
8966	25
8967	1
8968	7
8969	3
8970	8
8971	32
8972	3
8973	1
8974	6
8975	22
8976	4
8977	31
8978	23
8979	9
8980	8
8981	16
8982	19
8983	4
8984	18
8985	25
8986	5
8987	16
8988	10
8989	10
8990	15
8991	20
8992	24
8993	6
8994	16
8995	1
8996	7
8997	4
8998	4
8999	8
9000	2
9001	7
9002	18
9003	2
9004	5
9005	11
9006	7
9007	10
9008	5
9009	10
9010	3
9011	7
9012	3
9013	3
9014	34
9015	23
9016	3
9017	3
9018	16
9019	4
9020	6
9021	4
9022	25
9023	4
9024	3
9025	2
9026	7
9027	4
9028	13
9029	21
9030	5
9031	23
9032	9
9033	4
9034	29
9035	9
9036	13
9037	5
9038	5
9039	7
9040	3
9041	27
9042	9
9043	4
9044	23
9045	4
9046	4
9047	4
9048	5
9049	4
9050	4
9051	3
9052	5
9053	2
9054	2
9055	25
9056	7
9057	5
9058	21
9059	1
9060	26
9061	10
9062	32
9063	9
9064	32
9065	7
9066	10
9067	3
9068	17
9069	30
9070	11
9071	10
9072	10
9073	2
9074	20
9075	6
9076	7
9077	30
9078	2
9079	1
9080	4
9081	22
9082	17
9083	14
9084	2
9085	5
9086	30
9087	5
9088	32
9089	31
9090	14
9091	11
9092	3
9093	25
9094	8
9095	34
9096	3
9097	21
9098	4
9099	9
9100	4
9101	19
9102	8
9103	5
9104	4
9105	19
9106	20
9107	14
9108	15
9109	3
9110	10
9111	26
9112	21
9113	8
9114	10
9115	3
9116	30
9117	1
9118	28
9119	7
9120	1
9121	18
9122	3
9123	1
9124	4
9125	3
9126	3
9127	3
9128	13
9129	10
9130	4
9131	9
9132	12
9133	34
9134	17
9135	3
9136	3
9137	10
9138	2
9139	24
9140	3
9141	16
9142	5
9143	2
9144	13
9145	27
9146	15
9147	16
9148	12
9149	31
9150	23
9151	8
9152	25
9153	30
9154	11
9155	28
9156	2
9157	4
9158	18
9159	2
9160	1
9161	9
9162	3
9163	3
9164	2
9165	10
9166	21
9167	29
9168	28
9169	22
9170	2
9171	7
9172	10
9173	19
9174	24
9175	14
9176	1
9177	16
9178	9
9179	9
9180	8
9181	2
9182	2
9183	4
9184	5
9185	10
9186	5
9187	15
9188	23
9189	14
9190	8
9191	2
9192	9
9193	14
9194	3
9195	19
9196	9
9197	4
9198	1
9199	3
9200	1
9201	1
9202	17
9203	24
9204	10
9205	3
9206	2
9207	8
9208	5
9209	30
9210	3
9211	3
9212	12
9213	18
9214	8
9215	3
9216	4
9217	3
9218	6
9219	21
9220	7
9221	27
9222	15
9223	3
9224	28
9225	30
9226	2
9227	8
9228	16
9229	1
9230	8
9231	22
9232	16
9233	20
9234	22
9235	22
9236	12
9237	16
9238	29
9239	15
9240	5
9241	31
9242	18
9243	6
9244	2
9245	5
9246	3
9247	2
9248	3
9249	3
9250	5
9251	8
9252	8
9253	3
9254	25
9255	5
9256	10
9257	10
9258	12
9259	1
9260	19
9261	27
9262	2
9263	4
9264	14
9265	9
9266	18
9267	1
9268	5
9269	13
9270	1
9271	15
9272	2
9273	22
9274	5
9275	2
9276	5
9277	3
9278	2
9279	1
9280	14
9281	1
9282	11
9283	9
9284	17
9285	27
9286	8
9287	3
9288	7
9289	4
9290	6
9291	5
9292	22
9293	2
9294	15
9295	21
9296	2
9297	2
9298	3
9299	25
9300	26
9301	12
9302	3
9303	3
9304	22
9305	28
9306	3
9307	4
9308	27
9309	11
9310	4
9311	17
9312	22
9313	30
9314	8
9315	10
9316	6
9317	4
9318	9
9319	23
9320	13
9321	30
9322	4
9323	2
9324	3
9325	17
9326	6
9327	10
9328	4
9329	6
9330	8
9331	2
9332	8
9333	2
9334	6
9335	5
9336	3
9337	9
9338	24
9339	10
9340	5
9341	6
9342	7
9343	1
9344	20
9345	28
9346	22
9347	3
9348	2
9349	2
9350	2
9351	6
9352	2
9353	13
9354	9
9355	27
9356	3
9357	15
9358	4
9359	17
9360	3
9361	15
9362	4
9363	17
9364	7
9365	6
9366	4
9367	3
9368	16
9369	2
9370	5
9371	23
9372	12
9373	12
9374	5
9375	4
9376	10
9377	30
9378	27
9379	4
9380	31
9381	4
9382	6
9383	4
9384	6
9385	27
9386	4
9387	23
9388	11
9389	18
9390	16
9391	2
9392	14
9393	7
9394	17
9395	26
9396	30
9397	29
9398	9
9399	12
9400	3
9401	18
9402	15
9403	14
9404	2
9405	1
9406	3
9407	26
9408	11
9409	14
9410	13
9411	6
9412	1
9413	3
9414	29
9415	5
9416	19
9417	8
9418	7
9419	13
9420	3
9421	25
9422	28
9423	15
9424	2
9425	2
9426	3
9427	22
9428	10
9429	6
9430	7
9431	20
9432	2
9433	28
9434	8
9435	4
9436	13
9437	16
9438	14
9439	3
9440	3
9441	7
9442	3
9443	4
9444	10
9445	6
9446	5
9447	26
9448	27
9449	2
9450	7
9451	7
9452	5
9453	5
9454	17
9455	21
9456	3
9457	17
9458	32
9459	3
9460	16
9461	2
9462	8
9463	30
9464	7
9465	29
9466	8
9467	1
9468	9
9469	3
9470	1
9471	33
9472	4
9473	20
9474	4
9475	7
9476	20
9477	10
9478	32
9479	18
9480	3
9481	8
9482	6
9483	5
9484	3
9485	28
9486	11
9487	3
9488	26
9489	4
9490	10
9491	18
9492	1
9493	33
9494	19
9495	24
9496	10
9497	7
9498	3
9499	2
9500	3
9501	31
9502	2
9503	27
9504	5
9505	21
9506	5
9507	8
9508	5
9509	9
9510	4
9511	3
9512	10
9513	2
9514	3
9515	15
9516	2
9517	4
9518	22
9519	9
9520	3
9521	28
9522	3
9523	4
9524	2
9525	24
9526	33
9527	14
9528	1
9529	14
9530	9
9531	4
9532	12
9533	13
9534	7
9535	6
9536	8
9537	15
9538	2
9539	6
9540	26
9541	18
9542	3
9543	26
9544	22
9545	18
9546	7
9547	32
9548	34
9549	3
9550	3
9551	4
9552	10
9553	7
9554	7
9555	15
9556	16
9557	3
9558	14
9559	9
9560	5
9561	31
9562	14
9563	9
9564	10
9565	7
9566	4
9567	2
9568	33
9569	4
9570	3
9571	2
9572	14
9573	4
9574	14
9575	1
9576	4
9577	12
9578	1
9579	2
9580	8
9581	19
9582	7
9583	1
9584	14
9585	22
9586	27
9587	6
9588	2
9589	4
9590	9
9591	7
9592	9
9593	18
9594	18
9595	12
9596	2
9597	2
9598	1
9599	32
9600	9
9601	3
9602	2
9603	5
9604	12
9605	4
9606	22
9607	10
9608	6
9609	13
9610	4
9611	16
9612	2
9613	4
9614	23
9615	23
9616	2
9617	19
9618	11
9619	20
9620	13
9621	13
9622	2
9623	3
9624	2
9625	27
9626	26
9627	28
9628	4
9629	19
9630	24
9631	7
9632	2
9633	7
9634	6
9635	13
9636	3
9637	10
9638	17
9639	27
9640	18
9641	16
9642	12
9643	3
9644	15
9645	6
9646	8
9647	1
9648	19
9649	3
9650	8
9651	30
9652	19
9653	7
9654	16
9655	26
9656	18
9657	32
9658	10
9659	18
9660	3
9661	29
9662	4
9663	12
9664	24
9665	16
9666	15
9667	2
9668	4
9669	7
9670	27
9671	19
9672	3
9673	1
9674	2
9675	4
9676	18
9677	6
9678	12
9679	9
9680	2
9681	2
9682	32
9683	7
9684	10
9685	20
9686	11
9687	19
9688	5
9689	10
9690	10
9691	15
9692	13
9693	6
9694	4
9695	1
9696	7
9697	10
9698	3
9699	26
9700	2
9701	20
9702	17
9703	9
9704	10
9705	10
9706	10
9707	2
9708	14
9709	31
9710	6
9711	1
9712	10
9713	8
9714	4
9715	12
9716	7
9717	18
9718	1
9719	7
9720	11
9721	5
9722	8
9723	17
9724	23
9725	6
9726	8
9727	2
9728	26
9729	4
9730	4
9731	25
9732	10
9733	4
9734	5
9735	24
9736	15
9737	3
9738	28
9739	25
9740	22
9741	8
9742	22
9743	28
9744	26
9745	7
9746	18
9747	22
9748	9
9749	6
9750	2
9751	13
9752	3
9753	26
9754	1
9755	28
9756	2
9757	11
9758	1
9759	3
9760	11
9761	2
9762	25
9763	16
9764	4
9765	10
9766	24
9767	11
9768	20
9769	3
9770	6
9771	11
9772	25
9773	1
9774	13
9775	12
9776	7
9777	8
9778	7
9779	7
9780	5
9781	15
9782	16
9783	12
9784	2
9785	3
9786	3
9787	2
9788	6
9789	11
9790	13
9791	13
9792	7
9793	5
9794	24
9795	16
9796	13
9797	6
9798	26
9799	13
9800	14
9801	8
9802	5
9803	26
9804	7
9805	3
9806	6
9807	2
9808	1
9809	10
9810	1
9811	5
9812	16
9813	29
9814	5
9815	7
9816	2
9817	23
9818	26
9819	22
9820	2
9821	14
9822	4
9823	18
9824	2
9825	16
9826	4
9827	8
9828	5
9829	15
9830	33
9831	13
9832	5
9833	6
9834	3
9835	9
9836	32
9837	1
9838	9
9839	8
9840	17
9841	3
9842	32
9843	2
9844	14
9845	15
9846	23
9847	10
9848	12
9849	2
9850	6
9851	16
9852	3
9853	3
9854	8
9855	5
9856	1
9857	16
9858	5
9859	3
9860	17
9861	3
9862	30
9863	7
9864	2
9865	1
9866	22
9867	19
9868	34
9869	1
9870	7
9871	6
9872	34
9873	10
9874	34
9875	16
9876	1
9877	2
9878	12
9879	20
9880	14
9881	8
9882	8
9883	12
9884	1
9885	25
9886	34
9887	15
9888	1
9889	28
9890	1
9891	7
9892	27
9893	17
9894	15
9895	34
9896	5
9897	7
9898	9
9899	33
9900	34
9901	4
9902	3
9903	19
9904	7
9905	2
9906	27
9907	19
9908	17
9909	4
9910	9
9911	20
9912	9
9913	8
9914	8
9915	15
9916	22
9917	3
9918	2
9919	15
9920	17
9921	22
9922	4
9923	3
9924	17
9925	1
9926	23
9927	7
9928	4
9929	2
9930	4
9931	2
9932	1
9933	9
9934	9
9935	27
9936	5
9937	15
9938	7
9939	33
9940	7
9941	5
9942	16
9943	5
9944	13
9945	13
9946	10
9947	5
9948	4
9949	5
9950	1
9951	11
9952	2
9953	7
9954	3
9955	1
9956	20
9957	9
9958	8
9959	7
9960	19
9961	9
9962	12
9963	5
9964	5
9965	8
9966	1
9967	21
9968	9
9969	5
9970	9
9971	17
9972	14
9973	3
9974	1
9975	3
9976	32
9977	8
9978	4
9979	27
9980	6
9981	14
9982	1
9983	15
9984	33
9985	2
9986	21
9987	12
9988	3
9989	1
9990	6
9991	7
9992	1
9993	10
9994	6
9995	4
9996	3
9997	3
9998	2
9999	1
10000	8
